1111
-0.01
-0.00
-0.10
99
1111
-0.03
-0.01
0.09
205
1111
-0.07
-0.04
0.12
204
1111
-0.12
-0.12
0.19
203
1111
-0.19
-0.26
0.13
202
1111
-0.21
-0.40
0.12
201
1111
-0.18
-0.52
0.07
203
1111
-0.09
-0.57
0.04
203
1111
0.05
-0.58
0.09
206
1111
0.23
-0.52
0.09
209
1111
0.42
-0.40
0.05
212
1111
0.55
-0.26
0.10
214
1111
0.62
-0.14
0.07
215
1111
0.65
-0.02
-0.04
216
1111
0.65
0.10
0.04
215
1111
0.63
0.20
0.03
216
1111
0.57
0.29
-0.02
214
1111
0.49
0.37
-0.04
213
1111
0.37
0.44
-0.16
211
1111
0.22
0.48
-0.04
209
1111
0.02
0.43
0.09
206
1111
-0.21
0.28
0.00
202
1111
-0.41
0.06
-0.02
198
1111
-0.51
-0.17
0.14
197
1111
-0.52
-0.41
-0.01
196
1111
-0.43
-0.61
-0.22
199
1111
-0.24
-0.72
0.04
201
1111
0.01
-0.71
-0.03
206
1111
0.25
-0.60
-0.12
210
1111
0.44
-0.40
-0.03
213
1111
0.53
-0.18
-0.21
215
1111
0.54
0.05
-0.21
213
1111
0.46
0.25
-0.24
213
1111
0.35
0.41
-0.10
212
1111
0.20
0.52
-0.11
208
1111
0.01
0.57
-0.07
205
1111
-0.22
0.55
0.04
200
1111
-0.46
0.43
0.06
197
1111
-0.67
0.23
-0.02
194
1111
-0.84
-0.03
-0.08
192
1111
-0.96
-0.32
0.24
189
1111
-1.01
-0.60
0.00
189
1111
-0.94
-0.85
0.00
189
1111
-0.76
-1.00
-0.05
192
1111
-0.53
-1.05
0.15
195
1111
-0.29
-0.97
0.04
200
1111
-0.09
-0.82
0.04
203
1111
0.03
-0.64
0.00
206
1111
0.10
-0.46
-0.07
207
1111
0.12
-0.31
0.03
207
1111
0.11
-0.20
-0.18
207
1111
0.09
-0.12
-0.11
207
1111
0.12
-0.07
-0.04
207
1111
0.18
-0.03
0.15
208
1111
0.27
-0.01
0.08
210
1111
0.38
0.00
0.26
212
1111
0.50
0.03
0.16
213
1111
0.58
0.09
0.11
215
1111
0.60
0.20
0.12
216
1111
0.58
0.34
0.07
215
1111
0.48
0.46
0.22
213
1111
0.29
0.56
0.10
209
1111
0.06
0.62
0.20
206
1111
-0.18
0.62
-0.02
202
1111
-0.39
0.56
0.09
198
1111
-0.55
0.46
-0.01
195
1111
-0.69
0.34
0.06
194
1111
-0.81
0.20
-0.10
192
1111
-0.91
0.07
-0.07
191
1111
-0.93
-0.02
-0.03
190
1111
-0.88
-0.08
-0.03
190
1111
-0.77
-0.12
-0.09
193
1111
-0.63
-0.16
0.04
195
1111
-0.47
-0.20
0.12
199
1111
-0.30
-0.21
0.17
200
1111
-0.18
-0.20
0.17
203
1111
-0.11
-0.19
0.32
203
1111
-0.09
-0.17
0.20
205
1111
-0.10
-0.14
0.30
203
1111
-0.14
-0.13
0.37
203
1111
-0.19
-0.13
0.31
202
1111
-0.24
-0.13
0.37
201
1111
-0.27
-0.15
0.15
200
1111
-0.27
-0.15
0.17
199
1111
-0.25
-0.13
0.06
200
1111
-0.20
-0.07
0.36
202
1111
-0.16
-0.01
0.17
202
1111
-0.14
0.04
0.20
205
1111
-0.16
0.05
0.12
203
1111
-0.23
0.04
0.29
201
1111
-0.32
-0.02
0.13
200
1111
-0.43
-0.11
0.14
198
1111
-0.52
-0.23
-0.09
197
1111
-0.57
-0.35
0.18
195
1111
-0.55
-0.47
0.23
196
1111
-0.42
-0.56
0.17
198
1111
-0.21
-0.61
0.17
201
1111
0.01
-0.61
0.30
205
1111
0.24
-0.56
0.17
210
1111
0.45
-0.44
0.31
213
1111
0.61
-0.26
0.33
215
1111
0.70
-0.06
0.40
217
1111
0.70
0.11
0.38
217
1111
0.62
0.22
0.21
215
1111
0.52
0.28
0.25
214
1111
0.40
0.27
0.21
211
1111
0.29
0.23
0.29
209
1111
0.20
0.18
0.11
208
1111
0.15
0.15
0.25
207
1111
0.11
0.14
0.40
208
1111
0.07
0.15
0.48
206
1111
0.01
0.15
0.58
204
1111
-0.07
0.14
0.30
204
1111
-0.16
0.10
0.23
202
1111
-0.26
0.02
0.40
201
1111
-0.33
-0.11
0.35
199
1111
-0.35
-0.25
0.30
199
1111
-0.30
-0.37
0.24
200
1111
-0.18
-0.46
0.31
202
1111
-0.02
-0.53
0.33
205
1111
0.18
-0.57
0.39
208
1111
0.37
-0.59
0.56
211
1111
0.53
-0.54
0.45
214
1111
0.64
-0.40
0.18
216
1111
0.67
-0.22
0.36
216
1111
0.62
-0.03
0.22
216
1111
0.53
0.13
0.28
213
1111
0.40
0.23
0.32
212
1111
0.25
0.27
0.32
209
1111
0.10
0.29
0.34
206
1111
-0.01
0.29
0.35
205
1111
-0.10
0.29
0.27
203
1111
-0.17
0.26
0.25
203
1111
-0.22
0.22
0.48
201
1111
-0.27
0.14
0.29
200
1111
-0.31
0.04
0.20
200
1111
-0.36
-0.08
0.16
199
1111
-0.39
-0.17
0.22
199
1111
-0.41
-0.23
0.36
197
1111
-0.39
-0.29
0.26
199
1111
-0.34
-0.33
0.21
199
1111
-0.25
-0.33
0.35
201
1111
-0.13
-0.29
0.40
203
1111
0.02
-0.20
0.41
205
1111
0.18
-0.07
0.45
208
1111
0.28
0.06
0.33
210
1111
0.32
0.17
0.34
210
1111
0.25
0.22
0.27
209
1111
0.13
0.21
0.28
208
1111
-0.01
0.15
0.41
204
1111
-0.15
0.06
0.22
203
1111
-0.27
-0.05
0.09
199
1111
-0.36
-0.16
0.05
199
1111
-0.43
-0.29
-0.03
198
1111
-0.46
-0.43
0.17
197
1111
-0.45
-0.54
0.41
197
1111
-0.40
-0.62
0.12
198
1111
-0.33
-0.68
0.24
200
1111
-0.22
-0.72
0.18
202
1111
-0.08
-0.73
0.16
204
1111
0.13
-0.68
0.10
207
1111
0.37
-0.52
0.11
211
1111
0.60
-0.28
0.04
216
1111
0.77
0.02
0.20
218
1111
0.83
0.33
0.25
218
1111
0.77
0.60
0.19
218
1111
0.65
0.80
0.14
216
1111
0.48
0.92
0.27
213
1111
0.30
0.94
0.30
210
1111
0.09
0.87
0.19
206
1111
-0.14
0.71
0.42
202
1111
-0.35
0.51
0.42
199
1111
-0.51
0.30
0.24
196
1111
-0.63
0.06
0.14
195
1111
-0.67
-0.19
0.21
194
1111
-0.61
-0.41
0.18
195
1111
-0.49
-0.57
0.16
198
1111
-0.33
-0.68
0.22
200
1111
-0.16
-0.70
0.24
202
1111
-0.01
-0.65
0.24
204
1111
0.14
-0.54
0.21
207
1111
0.28
-0.41
0.14
210
1111
0.41
-0.25
0.04
212
1111
0.53
-0.07
0.11
214
1111
0.62
0.13
0.10
216
1111
0.68
0.37
0.07
216
1111
0.67
0.62
0.00
216
1111
0.57
0.83
-0.05
214
1111
0.37
0.95
-0.09
211
1111
0.11
0.93
0.05
207
1111
-0.16
0.82
0.10
203
1111
-0.38
0.65
0.07
200
1111
-0.55
0.45
0.30
196
1111
-0.65
0.23
-0.10
195
1111
-0.67
0.01
0.04
194
1111
-0.59
-0.20
0.05
196
1111
-0.41
-0.35
0.08
197
1111
-0.16
-0.41
0.19
202
1111
0.09
-0.41
0.22
207
1111
0.28
-0.36
0.17
209
1111
0.40
-0.28
-0.07
211
1111
0.45
-0.16
-0.11
212
1111
0.46
-0.02
-0.01
212
1111
0.39
0.13
-0.06
212
1111
0.28
0.24
-0.23
209
1111
0.15
0.32
-0.14
207
1111
0.00
0.35
-0.23
205
1111
-0.15
0.28
0.01
203
1111
-0.26
0.14
-0.11
202
1111
-0.30
-0.04
0.01
200
1111
-0.26
-0.20
0.00
201
1111
-0.16
-0.29
-0.09
203
1111
-0.05
-0.29
-0.06
204
1111
0.04
-0.21
-0.19
206
1111
0.10
-0.08
-0.09
207
1111
0.15
0.07
0.13
207
1111
0.20
0.22
0.07
208
1111
0.25
0.35
-0.24
210
1111
0.24
0.47
-0.21
208
1111
0.16
0.57
-0.07
208
1111
0.02
0.65
-0.24
205
1111
-0.17
0.71
-0.10
202
1111
-0.40
0.71
-0.07
198
1111
-0.64
0.64
-0.17
194
1111
-0.90
0.46
0.01
190
1111
-1.12
0.16
-0.05
188
1111
-1.23
-0.19
-0.05
184
1111
-1.19
-0.53
-0.02
184
1111
-0.99
-0.81
-0.20
188
1111
-0.66
-0.98
-0.23
194
1111
-0.24
-1.04
-0.20
202
1111
0.20
-0.98
-0.19
208
1111
0.57
-0.82
-0.11
215
1111
0.85
-0.59
-0.14
219
1111
1.04
-0.30
-0.14
223
1111
1.12
0.01
0.00
223
1111
1.07
0.33
0.04
223
1111
0.90
0.60
-0.05
220
1111
0.64
0.78
0.01
215
1111
0.32
0.82
-0.04
212
1111
-0.01
0.72
0.00
204
1111
-0.30
0.54
-0.03
200
1111
-0.51
0.33
-0.10
197
1111
-0.62
0.11
-0.14
195
1111
-0.66
-0.11
-0.05
193
1111
-0.65
-0.31
-0.03
195
1111
-0.58
-0.49
-0.06
197
1111
-0.43
-0.63
-0.08
198
1111
-0.25
-0.70
-0.10
201
1111
-0.08
-0.69
-0.22
204
1111
0.05
-0.61
-0.09
206
1111
0.12
-0.53
-0.16
208
1111
0.15
-0.48
-0.08
207
1111
0.18
-0.45
0.11
208
1111
0.23
-0.41
0.01
209
1111
0.30
-0.31
-0.10
210
1111
0.36
-0.18
-0.18
211
1111
0.38
-0.05
-0.23
211
1111
0.37
0.03
-0.16
212
1111
0.32
0.07
-0.00
211
1111
0.22
0.09
0.17
209
1111
0.08
0.07
0.08
205
1111
-0.08
0.00
-0.02
203
1111
-0.20
-0.11
0.01
201
1111
-0.24
-0.25
-0.01
201
1111
-0.19
-0.36
-0.10
202
1111
-0.07
-0.41
-0.12
204
1111
0.07
-0.41
0.02
207
1111
0.21
-0.37
-0.20
210
1111
0.35
-0.30
-0.22
211
1111
0.46
-0.18
-0.07
213
1111
0.53
-0.06
-0.02
214
1111
0.58
0.06
-0.15
214
1111
0.62
0.19
-0.05
215
1111
0.65
0.33
-0.08
216
1111
0.64
0.47
0.01
216
1111
0.57
0.57
0.03
214
1111
0.46
0.60
0.04
212
1111
0.35
0.58
-0.07
210
1111
0.23
0.56
0.19
209
1111
0.12
0.53
0.27
207
1111
0.01
0.48
0.07
204
1111
-0.11
0.43
0.09
203
1111
-0.20
0.36
0.09
201
1111
-0.27
0.27
-0.06
202
1111
-0.31
0.17
0.01
200
1111
-0.33
0.07
-0.02
200
1111
-0.34
-0.03
0.11
200
1111
-0.35
-0.14
0.09
199
1111
-0.35
-0.25
0.12
199
1111
-0.36
-0.36
0.07
199
1111
-0.36
-0.45
0.02
200
1111
-0.35
-0.54
-0.04
200
1111
-0.30
-0.61
0.14
201
1111
-0.20
-0.65
0.18
202
1111
-0.09
-0.69
0.12
204
1111
0.03
-0.71
0.05
206
1111
0.16
-0.69
0.03
208
1111
0.29
-0.60
-0.00
210
1111
0.39
-0.46
-0.28
212
1111
0.45
-0.30
-0.15
212
1111
0.46
-0.16
-0.07
213
1111
0.45
-0.02
-0.00
213
1111
0.41
0.09
0.01
212
1111
0.33
0.17
-0.00
210
1111
0.23
0.23
-0.05
209
1111
0.11
0.27
0.14
207
1111
0.02
0.29
0.16
206
1111
-0.06
0.27
0.35
203
1111
-0.16
0.21
0.16
203
1111
-0.26
0.08
0.27
200
1111
-0.36
-0.08
0.15
199
1111
-0.44
-0.27
0.06
198
1111
-0.46
-0.45
-0.03
198
1111
-0.39
-0.58
0.09
199
1111
-0.24
-0.63
0.04
201
1111
-0.05
-0.62
-0.04
205
1111
0.16
-0.57
0.04
208
1111
0.35
-0.46
0.03
212
1111
0.49
-0.31
0.00
213
1111
0.56
-0.15
0.03
214
1111
0.55
0.01
-0.05
215
1111
0.47
0.14
-0.08
213
1111
0.35
0.19
-0.02
211
1111
0.23
0.16
-0.05
209
1111
0.14
0.05
-0.09
207
1111
0.10
-0.09
-0.34
206
1111
0.13
-0.20
-0.14
207
1111
0.21
-0.27
-0.20
208
1111
0.31
-0.25
-0.24
210
1111
0.40
-0.12
-0.32
211
1111
0.41
0.07
-0.26
211
1111
0.35
0.24
-0.27
211
1111
0.23
0.37
-0.18
209
1111
0.09
0.43
-0.04
206
1111
-0.07
0.41
-0.03
204
1111
-0.22
0.32
-0.14
202
1111
-0.32
0.19
-0.10
200
1111
-0.37
0.04
-0.28
199
1111
-0.34
-0.12
-0.15
200
1111
-0.23
-0.24
-0.15
201
1111
-0.09
-0.30
-0.23
204
1111
0.04
-0.29
-0.12
207
1111
0.12
-0.23
-0.14
207
1111
0.12
-0.17
-0.14
208
1111
0.11
-0.11
0.00
207
1111
0.11
-0.06
-0.07
207
1111
0.13
-0.02
-0.16
207
1111
0.13
0.02
-0.08
208
1111
0.13
0.04
-0.14
209
1111
0.12
0.04
-0.17
207
1111
0.08
0.01
-0.25
206
1111
0.01
-0.08
-0.02
204
1111
-0.07
-0.21
0.03
204
1111
-0.12
-0.35
-0.01
203
1111
-0.11
-0.45
-0.06
203
1111
-0.03
-0.48
-0.13
204
1111
0.10
-0.44
-0.19
208
1111
0.22
-0.32
-0.12
209
1111
0.30
-0.11
0.04
210
1111
0.30
0.13
-0.01
211
1111
0.22
0.37
-0.07
208
1111
0.11
0.55
-0.10
206
1111
-0.01
0.63
-0.12
205
1111
-0.13
0.62
-0.17
203
1111
-0.21
0.56
-0.29
202
1111
-0.25
0.47
-0.42
201
1111
-0.30
0.33
-0.08
199
1111
-0.35
0.15
-0.18
200
1111
-0.38
-0.03
-0.14
198
1111
-0.38
-0.20
-0.16
200
1111
-0.34
-0.33
-0.05
199
1111
-0.28
-0.42
0.03
201
1111
-0.20
-0.47
0.13
201
1111
-0.12
-0.48
-0.01
204
1111
-0.04
-0.46
-0.02
204
1111
0.03
-0.43
-0.13
206
1111
0.09
-0.41
-0.24
207
1111
0.13
-0.40
-0.19
207
1111
0.16
-0.36
-0.15
209
1111
0.17
-0.30
-0.09
207
1111
0.15
-0.23
0.09
208
1111
0.12
-0.16
0.03
208
1111
0.07
-0.10
-0.16
206
1111
0.03
-0.07
-0.08
205
1111
0.02
-0.08
-0.05
205
1111
0.03
-0.13
-0.10
206
1111
0.06
-0.20
0.03
207
1111
0.12
-0.27
-0.09
207
1111
0.17
-0.32
-0.04
208
1111
0.24
-0.36
-0.19
209
1111
0.34
-0.37
-0.11
210
1111
0.43
-0.32
-0.18
212
1111
0.49
-0.23
-0.07
213
1111
0.51
-0.15
-0.04
212
1111
0.52
-0.06
-0.18
214
1111
0.53
0.07
-0.21
214
1111
0.50
0.19
-0.17
213
1111
0.41
0.31
-0.11
213
1111
0.27
0.40
-0.09
211
1111
0.08
0.45
-0.09
206
1111
-0.15
0.42
-0.17
203
1111
-0.36
0.33
-0.03
200
1111
-0.52
0.17
-0.01
197
1111
-0.61
-0.05
-0.20
195
1111
-0.60
-0.31
-0.23
195
1111
-0.50
-0.54
-0.12
197
1111
-0.30
-0.68
-0.21
199
1111
-0.01
-0.65
0.01
205
1111
0.30
-0.45
0.00
210
1111
0.57
-0.13
-0.18
215
1111
0.72
0.23
0.08
218
1111
0.72
0.54
-0.04
218
1111
0.60
0.78
-0.06
215
1111
0.39
0.93
0.01
211
1111
0.13
0.97
0.05
207
1111
-0.14
0.90
-0.06
203
1111
-0.40
0.72
-0.01
199
1111
-0.62
0.47
-0.06
195
1111
-0.78
0.17
-0.01
193
1111
-0.86
-0.13
-0.06
191
1111
-0.85
-0.42
-0.19
191
1111
-0.73
-0.64
-0.21
192
1111
-0.54
-0.75
-0.25
196
1111
-0.31
-0.77
-0.12
200
1111
-0.09
-0.73
0.15
204
1111
0.11
-0.67
0.02
207
1111
0.27
-0.59
-0.07
210
1111
0.38
-0.48
-0.22
212
1111
0.44
-0.33
-0.17
213
1111
0.47
-0.16
-0.14
212
1111
0.48
0.01
-0.14
212
1111
0.49
0.19
-0.22
212
1111
0.48
0.33
-0.09
213
1111
0.45
0.42
-0.06
212
1111
0.37
0.50
-0.16
212
1111
0.24
0.57
-0.17
209
1111
0.03
0.61
-0.07
205
1111
-0.21
0.59
-0.21
201
1111
-0.45
0.52
0.01
198
1111
-0.64
0.39
-0.12
195
1111
-0.77
0.21
-0.15
192
1111
-0.84
-0.03
-0.26
192
1111
-0.85
-0.28
-0.23
190
1111
-0.80
-0.51
-0.06
192
1111
-0.71
-0.73
-0.04
193
1111
-0.61
-0.89
-0.07
195
1111
-0.46
-0.97
-0.15
198
1111
-0.26
-0.97
-0.22
201
1111
-0.04
-0.92
-0.09
204
1111
0.18
-0.81
-0.13
207
1111
0.36
-0.65
-0.10
211
1111
0.48
-0.45
-0.09
213
1111
0.56
-0.26
0.08
215
1111
0.58
-0.09
0.11
215
1111
0.54
0.07
-0.01
215
1111
0.45
0.21
0.00
212
1111
0.33
0.31
-0.04
210
1111
0.17
0.36
-0.17
208
1111
-0.02
0.33
-0.28
205
1111
-0.22
0.23
-0.13
202
1111
-0.38
0.09
-0.28
200
1111
-0.47
-0.07
-0.11
197
1111
-0.50
-0.23
-0.10
197
1111
-0.44
-0.35
-0.09
198
1111
-0.29
-0.40
-0.08
201
1111
-0.09
-0.37
-0.08
204
1111
0.10
-0.28
-0.12
208
1111
0.25
-0.14
-0.14
209
1111
0.33
0.02
-0.20
210
1111
0.36
0.15
-0.30
211
1111
0.35
0.23
-0.31
211
1111
0.31
0.28
-0.28
210
1111
0.25
0.30
-0.12
209
1111
0.19
0.30
-0.01
209
1111
0.13
0.27
-0.04
208
1111
0.08
0.25
-0.13
206
1111
0.04
0.25
-0.11
206
1111
0.02
0.28
0.09
205
1111
-0.01
0.34
0.03
205
1111
-0.04
0.40
-0.04
204
1111
-0.06
0.47
-0.22
204
1111
-0.08
0.51
-0.11
203
1111
-0.09
0.52
-0.04
204
1111
-0.11
0.51
-0.06
204
1111
-0.14
0.48
-0.09
203
1111
-0.17
0.43
-0.03
202
1111
-0.20
0.37
-0.07
201
1111
-0.24
0.28
-0.41
202
1111
-0.31
0.18
-0.26
199
1111
-0.38
0.05
-0.20
199
1111
-0.40
-0.10
-0.10
198
1111
-0.34
-0.26
-0.10
200
1111
-0.22
-0.37
0.04
202
1111
-0.08
-0.41
-0.17
204
1111
0.04
-0.35
-0.27
206
1111
0.12
-0.24
-0.19
207
1111
0.16
-0.14
-0.04
207
1111
0.16
-0.06
-0.26
207
1111
0.12
-0.02
-0.06
207
1111
0.05
0.01
-0.22
206
1111
-0.03
0.04
-0.16
205
1111
-0.09
0.06
-0.00
203
1111
-0.09
0.08
-0.13
204
1111
-0.06
0.12
-0.02
203
1111
-0.03
0.16
-0.03
204
1111
-0.02
0.20
-0.31
203
1111
-0.05
0.22
-0.32
205
1111
-0.13
0.21
-0.26
203
1111
-0.24
0.18
-0.15
201
1111
-0.34
0.10
-0.02
199
1111
-0.43
-0.01
-0.01
198
1111
-0.50
-0.15
-0.04
197
1111
-0.54
-0.27
-0.01
196
1111
-0.57
-0.38
-0.00
196
1111
-0.60
-0.49
-0.14
196
1111
-0.59
-0.61
0.01
194
1111
-0.51
-0.70
-0.03
199
1111
-0.35
-0.74
-0.02
200
1111
-0.14
-0.72
0.07
203
1111
0.07
-0.65
-0.08
206
1111
0.25
-0.53
-0.11
208
1111
0.37
-0.39
0.15
211
1111
0.45
-0.24
-0.07
213
1111
0.51
-0.08
-0.05
211
1111
0.55
0.09
0.05
214
1111
0.59
0.27
0.09
216
1111
0.62
0.46
0.08
212
1111
0.65
0.66
0.14
216
1111
0.65
0.87
-0.00
216
1111
0.58
1.05
0.03
215
1111
0.42
1.17
-0.07
212
1111
0.18
1.18
-0.00
208
1111
-0.11
1.08
-0.07
203
1111
-0.41
0.86
0.01
198
1111
-0.67
0.60
0.04
194
1111
-0.86
0.34
0.10
191
1111
-0.99
0.07
0.03
189
1111
-1.05
-0.21
-0.04
188
1111
-1.02
-0.48
-0.17
187
1111
-0.86
-0.73
-0.06
191
1111
-0.59
-0.92
-0.14
195
1111
-0.22
-0.99
0.04
202
1111
0.18
-0.92
0.06
208
1111
0.57
-0.70
0.21
215
1111
0.91
-0.35
0.07
219
1111
1.12
0.09
0.03
223
1111
1.15
0.51
0.00
224
1111
0.97
0.85
-0.04
226
1111
0.63
1.06
-0.05
216
1111
0.16
1.11
0.09
207
1111
-0.35
1.00
0.10
199
1111
-0.80
0.74
0.10
192
1111
-1.12
0.40
0.09
187
1111
-1.28
-0.01
0.03
184
1111
-1.29
-0.42
0.06
184
1111
-1.12
-0.78
0.06
187
1111
-0.79
-1.03
0.08
193
1111
-0.38
-1.13
-0.02
199
1111
0.04
-1.08
-0.11
206
1111
0.39
-0.91
0.02
212
1111
0.66
-0.64
-0.06
216
1111
0.80
-0.34
-0.19
218
1111
0.82
-0.10
-0.12
218
1111
0.73
0.06
-0.20
218
1111
0.59
0.17
-0.19
215
1111
0.44
0.23
0.15
209
1111
0.30
0.25
0.17
210
1111
0.19
0.27
-0.11
208
1111
0.07
0.28
0.14
206
1111
-0.06
0.28
0.11
204
1111
-0.21
0.23
0.07
202
1111
-0.37
0.13
-0.13
199
1111
-0.48
-0.02
-0.17
198
1111
-0.54
-0.21
-0.17
194
1111
-0.51
-0.42
-0.17
197
1111
-0.38
-0.60
-0.21
199
1111
-0.19
-0.72
-0.07
203
1111
0.04
-0.77
-0.19
206
1111
0.28
-0.75
-0.02
210
1111
0.49
-0.66
0.03
213
1111
0.66
-0.52
-0.07
216
1111
0.80
-0.31
0.01
218
1111
0.89
-0.06
0.01
220
1111
0.90
0.18
-0.10
220
1111
0.84
0.38
0.06
219
1111
0.68
0.55
0.10
216
1111
0.47
0.68
0.15
213
1111
0.23
0.77
0.08
209
1111
-0.00
0.80
0.04
205
1111
-0.26
0.77
0.00
201
1111
-0.50
0.68
0.20
197
1111
-0.71
0.55
0.12
193
1111
-0.89
0.34
0.27
190
1111
-1.03
0.07
0.16
188
1111
-1.07
-0.24
0.18
187
1111
-1.00
-0.55
0.11
189
1111
-0.80
-0.79
0.25
192
1111
-0.50
-0.92
0.09
196
1111
-0.14
-0.92
0.02
202
1111
0.22
-0.77
0.20
209
1111
0.52
-0.49
0.11
213
1111
0.72
-0.13
0.04
216
1111
0.79
0.20
0.12
220
1111
0.73
0.45
-0.06
217
1111
0.58
0.61
-0.05
215
1111
0.37
0.66
-0.16
211
1111
0.14
0.60
-0.04
208
1111
-0.06
0.43
0.25
204
1111
-0.18
0.22
0.18
201
1111
-0.23
0.06
0.15
201
1111
-0.23
-0.01
0.16
201
1111
-0.23
-0.00
0.13
201
1111
-0.27
0.00
0.13
200
1111
-0.34
-0.03
0.06
199
1111
-0.35
-0.11
0.21
199
1111
-0.28
-0.18
0.20
200
1111
-0.14
-0.19
0.10
203
1111
-0.00
-0.13
0.15
205
1111
0.09
-0.04
0.14
207
1111
0.15
0.04
0.26
208
1111
0.18
0.11
0.19
208
1111
0.22
0.14
0.13
209
1111
0.27
0.16
0.14
210
1111
0.36
0.19
0.15
211
1111
0.44
0.24
0.07
213
1111
0.49
0.29
0.05
213
1111
0.47
0.34
-0.07
213
1111
0.39
0.34
0.21
212
1111
0.26
0.29
0.12
210
1111
0.16
0.24
0.34
208
1111
0.09
0.20
0.28
207
1111
0.07
0.18
-0.01
207
1111
0.06
0.17
0.15
206
1111
0.06
0.17
0.01
206
1111
0.09
0.18
0.11
206
1111
0.15
0.21
0.07
208
1111
0.22
0.27
0.05
209
1111
0.24
0.35
-0.04
209
1111
0.22
0.40
-0.02
209
1111
0.17
0.39
0.10
206
1111
0.10
0.34
-0.06
206
1111
0.03
0.27
-0.03
205
1111
-0.05
0.17
-0.10
204
1111
-0.09
0.03
-0.16
204
1111
-0.08
-0.12
0.19
204
1111
-0.03
-0.24
0.35
204
1111
0.05
-0.27
0.21
205
1111
0.14
-0.19
0.15
207
1111
0.26
-0.02
0.11
209
1111
0.36
0.21
0.14
211
1111
0.42
0.41
0.11
212
1111
0.42
0.54
0.09
212
1111
0.35
0.59
0.09
211
1111
0.22
0.59
0.25
208
1111
0.05
0.54
0.17
206
1111
-0.09
0.47
0.21
204
1111
-0.20
0.38
0.26
202
1111
-0.30
0.29
0.31
201
1111
-0.39
0.19
0.27
198
1111
-0.47
0.08
0.22
198
1111
-0.52
-0.02
0.27
197
1111
-0.52
-0.11
0.26
196
1111
-0.46
-0.20
0.28
197
1111
-0.35
-0.30
0.53
200
1111
-0.18
-0.40
0.37
202
1111
0.04
-0.45
0.16
206
1111
0.26
-0.42
0.22
209
1111
0.43
-0.34
0.32
214
1111
0.55
-0.20
0.26
214
1111
0.59
-0.02
0.32
215
1111
0.55
0.14
0.22
214
1111
0.46
0.26
0.07
212
1111
0.35
0.33
0.12
212
1111
0.21
0.35
0.07
208
1111
0.05
0.32
0.15
206
1111
-0.11
0.27
0.11
203
1111
-0.24
0.19
-0.05
201
1111
-0.33
0.08
-0.00
200
1111
-0.36
-0.05
0.17
199
1111
-0.33
-0.16
0.14
200
1111
-0.24
-0.21
-0.07
201
1111
-0.09
-0.18
0.05
203
1111
0.05
-0.07
0.04
206
1111
0.12
0.11
0.03
209
1111
0.10
0.33
-0.01
206
1111
0.01
0.53
0.10
205
1111
-0.16
0.66
0.19
203
1111
-0.37
0.70
0.05
198
1111
-0.60
0.62
0.02
195
1111
-0.80
0.46
0.25
192
1111
-0.95
0.24
0.13
190
1111
-1.00
-0.00
0.04
188
1111
-0.94
-0.22
-0.18
190
1111
-0.77
-0.41
0.05
192
1111
-0.53
-0.54
0.06
196
1111
-0.28
-0.59
0.02
200
1111
-0.04
-0.57
0.09
204
1111
0.19
-0.51
0.09
209
1111
0.38
-0.43
-0.06
212
1111
0.54
-0.32
-0.08
214
1111
0.68
-0.17
0.04
217
1111
0.79
0.02
-0.04
218
1111
0.84
0.23
0.15
218
1111
0.81
0.40
-0.12
219
1111
0.70
0.52
-0.18
217
1111
0.54
0.56
-0.16
213
1111
0.35
0.53
-0.06
211
1111
0.16
0.46
-0.25
208
1111
-0.02
0.33
-0.08
205
1111
-0.17
0.12
-0.11
202
1111
-0.26
-0.13
0.09
200
1111
-0.24
-0.35
0.12
201
1111
-0.13
-0.49
-0.09
203
1111
0.05
-0.49
-0.13
206
1111
0.25
-0.36
-0.02
210
1111
0.41
-0.17
0.12
213
1111
0.49
0.05
0.16
214
1111
0.51
0.29
0.10
213
1111
0.46
0.51
0.05
213
1111
0.35
0.66
-0.04
209
1111
0.19
0.71
0.05
208
1111
0.02
0.70
0.05
205
1111
-0.17
0.63
0.04
203
1111
-0.35
0.53
0.07
200
1111
-0.50
0.39
0.09
197
1111
-0.61
0.20
0.17
194
1111
-0.66
-0.02
-0.02
195
1111
-0.63
-0.25
0.02
194
1111
-0.52
-0.45
0.14
197
1111
-0.34
-0.60
0.16
200
1111
-0.12
-0.65
0.27
203
1111
0.08
-0.60
0.07
205
1111
0.25
-0.45
-0.11
209
1111
0.35
-0.25
-0.02
210
1111
0.37
-0.05
-0.00
211
1111
0.33
0.10
0.06
210
1111
0.22
0.20
-0.09
211
1111
0.06
0.23
0.03
207
1111
-0.11
0.20
0.15
204
1111
-0.23
0.11
0.05
202
1111
-0.26
-0.04
0.12
200
1111
-0.16
-0.21
0.09
202
1111
0.06
-0.32
0.10
207
1111
0.35
-0.32
0.23
210
1111
0.63
-0.20
0.16
216
1111
0.83
0.00
0.23
219
1111
0.90
0.24
0.22
220
1111
0.82
0.44
0.20
218
1111
0.61
0.58
0.06
215
1111
0.33
0.63
0.15
211
1111
0.03
0.61
0.07
206
1111
-0.24
0.51
0.01
202
1111
-0.45
0.36
0.01
198
1111
-0.57
0.20
-0.02
195
1111
-0.59
0.04
0.09
196
1111
-0.50
-0.08
0.06
198
1111
-0.35
-0.14
0.04
199
1111
-0.18
-0.16
0.01
202
1111
-0.00
-0.16
0.18
205
1111
0.18
-0.14
0.18
207
1111
0.35
-0.05
0.28
211
1111
0.45
0.10
0.26
213
1111
0.47
0.28
0.25
213
1111
0.41
0.43
0.22
212
1111
0.30
0.55
0.22
211
1111
0.16
0.61
0.21
208
1111
-0.01
0.63
0.17
205
1111
-0.19
0.59
0.17
202
1111
-0.34
0.48
0.17
198
1111
-0.43
0.30
0.00
198
1111
-0.48
0.06
0.06
197
1111
-0.49
-0.19
0.07
197
1111
-0.44
-0.40
0.09
198
1111
-0.32
-0.54
0.05
201
1111
-0.15
-0.59
0.14
201
1111
0.05
-0.58
0.19
206
1111
0.25
-0.50
0.23
209
1111
0.41
-0.38
0.38
213
1111
0.54
-0.21
0.32
214
1111
0.62
-0.02
0.23
215
1111
0.65
0.18
0.03
216
1111
0.64
0.39
0.12
216
1111
0.57
0.59
0.19
214
1111
0.44
0.72
0.08
213
1111
0.24
0.75
0.18
209
1111
0.01
0.70
0.20
205
1111
-0.24
0.59
0.17
202
1111
-0.45
0.43
-0.02
198
1111
-0.57
0.25
-0.05
195
1111
-0.59
0.06
-0.01
195
1111
-0.54
-0.11
-0.11
196
1111
-0.45
-0.24
0.04
197
1111
-0.32
-0.32
0.02
200
1111
-0.19
-0.34
-0.09
202
1111
-0.09
-0.32
0.00
204
1111
-0.04
-0.27
-0.06
205
1111
-0.05
-0.22
0.05
204
1111
-0.07
-0.14
-0.14
204
1111
-0.13
-0.06
-0.19
202
1111
-0.20
-0.02
-0.16
202
1111
-0.30
-0.02
-0.14
198
1111
-0.41
-0.08
-0.08
198
1111
-0.49
-0.20
0.02
197
1111
-0.50
-0.38
-0.05
198
1111
-0.40
-0.53
0.03
200
1111
-0.21
-0.62
-0.09
202
1111
0.05
-0.61
0.11
206
1111
0.31
-0.48
0.08
210
1111
0.51
-0.25
-0.02
214
1111
0.62
0.05
-0.03
216
1111
0.60
0.40
-0.07
215
1111
0.43
0.74
-0.35
212
1111
0.16
0.99
-0.07
209
1111
-0.18
1.11
-0.17
202
1111
-0.55
1.05
-0.20
196
1111
-0.85
0.84
-0.15
191
1111
-1.02
0.53
-0.25
188
1111
-1.04
0.22
-0.14
188
1111
-0.96
-0.03
-0.16
190
1111
-0.80
-0.24
-0.09
192
1111
-0.58
-0.40
-0.15
195
1111
-0.34
-0.49
0.08
200
1111
-0.12
-0.49
-0.08
203
1111
0.07
-0.42
-0.05
206
1111
0.21
-0.27
-0.21
208
1111
0.27
-0.08
-0.19
209
1111
0.22
0.10
-0.29
209
1111
0.06
0.21
-0.19
206
1111
-0.15
0.26
-0.36
203
1111
-0.36
0.24
-0.28
199
1111
-0.50
0.15
-0.23
196
1111
-0.54
0.03
-0.14
196
1111
-0.49
-0.11
-0.21
197
1111
-0.36
-0.23
-0.26
199
1111
-0.21
-0.32
-0.48
202
1111
-0.04
-0.37
-0.38
204
1111
0.11
-0.40
-0.41
207
1111
0.27
-0.39
-0.39
208
1111
0.43
-0.35
-0.28
213
1111
0.57
-0.27
-0.24
214
1111
0.65
-0.16
-0.30
215
1111
0.66
-0.01
-0.26
216
1111
0.59
0.17
-0.25
214
1111
0.44
0.34
-0.21
212
1111
0.24
0.51
-0.41
209
1111
0.02
0.65
-0.46
206
1111
-0.18
0.71
-0.33
201
1111
-0.38
0.67
-0.51
199
1111
-0.54
0.52
-0.30
195
1111
-0.65
0.30
-0.26
194
1111
-0.66
0.08
-0.12
193
1111
-0.59
-0.12
-0.08
195
1111
-0.46
-0.29
-0.08
197
1111
-0.30
-0.42
-0.08
200
1111
-0.12
-0.48
-0.00
203
1111
0.07
-0.48
0.03
206
1111
0.27
-0.41
-0.05
209
1111
0.45
-0.27
-0.09
214
1111
0.60
-0.09
-0.10
214
1111
0.69
0.11
-0.11
217
1111
0.71
0.31
-0.03
217
1111
0.61
0.49
0.01
215
1111
0.41
0.61
0.12
212
1111
0.16
0.64
-0.08
208
1111
-0.11
0.58
0.13
203
1111
-0.38
0.40
-0.03
199
1111
-0.58
0.14
0.00
195
1111
-0.66
-0.16
-0.19
194
1111
-0.61
-0.44
-0.16
195
1111
-0.44
-0.62
-0.07
197
1111
-0.20
-0.70
0.07
202
1111
0.03
-0.70
0.03
205
1111
0.22
-0.60
-0.05
209
1111
0.36
-0.44
-0.13
211
1111
0.47
-0.22
0.02
213
1111
0.53
0.04
0.08
214
1111
0.52
0.31
0.01
213
1111
0.42
0.55
0.00
212
1111
0.25
0.72
-0.01
209
1111
0.06
0.80
0.07
206
1111
-0.11
0.77
0.08
203
1111
-0.26
0.64
0.02
201
1111
-0.42
0.43
0.04
199
1111
-0.55
0.17
0.05
196
1111
-0.62
-0.08
0.05
195
1111
-0.61
-0.29
0.02
193
1111
-0.55
-0.48
0.17
196
1111
-0.44
-0.65
-0.04
198
1111
-0.28
-0.81
-0.14
201
1111
-0.04
-0.92
-0.16
205
1111
0.23
-0.93
-0.16
210
1111
0.51
-0.82
-0.22
214
1111
0.77
-0.58
-0.18
218
1111
0.98
-0.24
-0.13
222
1111
1.06
0.11
-0.09
222
1111
0.99
0.42
-0.12
221
1111
0.81
0.67
-0.31
219
1111
0.58
0.82
-0.29
215
1111
0.33
0.88
-0.16
212
1111
0.08
0.85
-0.18
207
1111
-0.16
0.74
-0.19
204
1111
-0.39
0.54
0.00
199
1111
-0.59
0.29
0.16
195
1111
-0.75
0.02
0.09
193
1111
-0.83
-0.24
0.04
191
1111
-0.81
-0.48
0.10
191
1111
-0.72
-0.67
-0.13
193
1111
-0.57
-0.79
-0.09
195
1111
-0.41
-0.85
0.02
198
1111
-0.25
-0.88
0.07
200
1111
-0.08
-0.90
-0.12
204
1111
0.11
-0.90
-0.04
208
1111
0.35
-0.84
-0.01
210
1111
0.60
-0.69
-0.21
214
1111
0.79
-0.44
-0.08
218
1111
0.91
-0.15
0.18
220
1111
0.92
0.17
-0.10
220
1111
0.82
0.49
-0.00
218
1111
0.60
0.77
-0.04
215
1111
0.29
0.95
0.14
209
1111
-0.05
0.98
-0.13
205
1111
-0.37
0.87
-0.34
199
1111
-0.64
0.64
-0.20
195
1111
-0.83
0.34
-0.10
192
1111
-0.95
-0.01
0.07
189
1111
-0.99
-0.36
-0.04
189
1111
-0.96
-0.67
-0.10
189
1111
-0.84
-0.91
-0.11
191
1111
-0.62
-1.05
-0.18
195
1111
-0.32
-1.06
-0.04
201
1111
0.02
-0.97
0.05
206
1111
0.34
-0.81
0.14
210
1111
0.61
-0.60
0.01
215
1111
0.80
-0.35
0.10
218
1111
0.90
-0.08
0.16
220
1111
0.94
0.21
0.01
221
1111
0.96
0.52
0.17
221
1111
0.93
0.85
0.23
220
1111
0.81
1.13
0.33
219
1111
0.57
1.31
0.27
215
1111
0.24
1.36
0.11
209
1111
-0.12
1.29
0.13
203
1111
-0.44
1.12
0.20
198
1111
-0.72
0.83
0.18
192
1111
-0.93
0.43
0.19
190
1111
-1.06
-0.01
0.02
188
1111
-1.09
-0.46
0.09
190
1111
-0.99
-0.88
0.09
189
1111
-0.75
-1.19
0.09
193
1111
-0.42
-1.35
0.07
198
1111
-0.03
-1.36
0.04
204
1111
0.35
-1.24
-0.09
211
1111
0.67
-1.02
0.08
216
1111
0.91
-0.71
-0.01
220
1111
1.09
-0.35
0.02
223
1111
1.21
0.03
0.10
223
1111
1.26
0.40
0.06
227
1111
1.23
0.74
0.05
226
1111
1.11
1.01
0.33
224
1111
0.89
1.21
-0.03
220
1111
0.60
1.31
-0.04
214
1111
0.27
1.31
0.12
210
1111
-0.05
1.22
0.07
204
1111
-0.34
1.08
-0.09
196
1111
-0.59
0.90
0.05
195
1111
-0.80
0.70
-0.10
192
1111
-0.98
0.47
0.08
189
1111
-1.11
0.24
0.04
186
1111
-1.21
0.02
0.17
185
1111
-1.27
-0.25
0.06
185
1111
-1.28
-0.55
0.24
184
1111
-1.18
-0.87
-0.04
185
1111
-0.97
-1.15
-0.06
189
1111
-0.62
-1.35
-0.09
196
1111
-0.17
-1.43
-0.04
202
1111
0.31
-1.37
-0.04
211
1111
0.73
-1.17
-0.00
217
1111
1.06
-0.85
0.21
223
1111
1.26
-0.45
0.02
226
1111
1.33
-0.04
0.03
226
1111
1.26
0.31
0.01
226
1111
1.04
0.54
0.12
223
1111
0.72
0.65
0.15
217
1111
0.33
0.65
0.06
211
1111
-0.04
0.57
0.03
204
1111
-0.34
0.46
-0.10
199
1111
-0.55
0.34
0.05
196
1111
-0.66
0.24
-0.23
194
1111
-0.70
0.16
0.06
193
1111
-0.73
0.11
0.02
193
1111
-0.76
0.07
0.21
193
1111
-0.78
0.00
0.38
192
1111
-0.74
-0.09
0.15
194
1111
-0.65
-0.19
0.19
195
1111
-0.51
-0.28
0.17
196
1111
-0.37
-0.36
0.22
199
1111
-0.24
-0.41
0.17
201
1111
-0.16
-0.44
0.13
202
1111
-0.08
-0.45
0.21
203
1111
0.02
-0.42
-0.07
205
1111
0.18
-0.35
0.32
208
1111
0.36
-0.24
0.10
211
1111
0.52
-0.11
-0.09
214
1111
0.67
0.04
-0.00
216
1111
0.77
0.20
0.01
217
1111
0.80
0.38
-0.04
218
1111
0.75
0.57
0.01
217
1111
0.63
0.71
0.05
216
1111
0.48
0.75
-0.02
214
1111
0.30
0.72
-0.04
210
1111
0.11
0.63
-0.11
206
1111
-0.07
0.51
-0.07
204
1111
-0.21
0.41
-0.13
201
1111
-0.32
0.33
-0.15
199
1111
-0.40
0.27
-0.13
198
1111
-0.44
0.20
-0.11
198
1111
-0.44
0.14
0.00
199
1111
-0.40
0.08
-0.13
199
1111
-0.30
0.05
-0.04
200
1111
-0.17
0.05
-0.19
202
1111
-0.04
0.09
-0.07
204
1111
0.05
0.16
-0.05
206
1111
0.08
0.25
-0.06
206
1111
0.03
0.34
-0.18
206
1111
-0.04
0.37
-0.19
204
1111
-0.14
0.34
-0.15
203
1111
-0.23
0.24
-0.27
201
1111
-0.29
0.10
-0.29
198
1111
-0.31
-0.03
-0.11
200
1111
-0.24
-0.12
-0.17
201
1111
-0.10
-0.13
-0.01
203
1111
0.02
-0.09
-0.16
206
1111
0.10
-0.05
-0.16
210
1111
0.11
0.00
-0.01
207
1111
0.07
0.03
-0.03
207
1111
0.01
0.03
-0.13
205
1111
-0.04
0.04
-0.13
204
1111
-0.07
0.10
-0.10
203
1111
-0.12
0.22
-0.10
203
1111
-0.20
0.35
-0.02
201
1111
-0.33
0.43
0.08
200
1111
-0.46
0.44
0.08
197
1111
-0.57
0.37
0.13
196
1111
-0.64
0.24
0.11
195
1111
-0.65
0.07
0.11
195
1111
-0.58
-0.09
-0.04
195
1111
-0.49
-0.19
-0.04
197
1111
-0.40
-0.24
-0.07
199
1111
-0.29
-0.23
-0.18
200
1111
-0.18
-0.21
-0.07
201
1111
-0.06
-0.19
-0.14
204
1111
0.04
-0.19
0.14
206
1111
0.14
-0.19
0.05
207
1111
0.24
-0.18
0.04
211
1111
0.34
-0.15
-0.14
211
1111
0.46
-0.10
-0.05
212
1111
0.59
0.02
-0.00
215
1111
0.68
0.20
0.22
217
1111
0.68
0.39
0.15
217
1111
0.60
0.52
0.03
215
1111
0.49
0.58
0.02
213
1111
0.40
0.59
0.15
212
1111
0.32
0.58
0.06
211
1111
0.22
0.53
0.06
209
1111
0.10
0.45
-0.13
207
1111
-0.03
0.32
0.07
204
1111
-0.14
0.18
0.07
203
1111
-0.21
0.06
0.07
200
1111
-0.23
-0.03
0.20
201
1111
-0.22
-0.10
0.12
202
1111
-0.18
-0.18
0.00
203
1111
-0.11
-0.25
-0.01
202
1111
0.01
-0.29
0.02
205
1111
0.13
-0.26
-0.09
207
1111
0.24
-0.19
0.04
208
1111
0.31
-0.09
0.04
210
1111
0.35
0.02
0.05
211
1111
0.32
0.12
-0.12
211
1111
0.21
0.22
0.01
209
1111
0.02
0.27
0.13
206
1111
-0.17
0.25
0.07
202
1111
-0.33
0.16
0.04
205
1111
-0.44
0.06
0.11
198
1111
-0.51
-0.03
-0.03
197
1111
-0.57
-0.14
0.12
196
1111
-0.57
-0.28
-0.09
196
1111
-0.50
-0.44
0.04
198
1111
-0.36
-0.58
0.11
199
1111
-0.17
-0.65
0.05
202
1111
0.04
-0.65
0.24
206
1111
0.23
-0.61
0.01
209
1111
0.38
-0.52
0.16
211
1111
0.48
-0.39
0.07
215
1111
0.54
-0.22
0.12
214
1111
0.54
-0.01
0.03
215
1111
0.50
0.19
0.12
213
1111
0.43
0.37
0.24
213
1111
0.33
0.50
0.20
211
1111
0.20
0.58
0.07
209
1111
0.05
0.61
0.16
206
1111
-0.13
0.59
0.07
202
1111
-0.30
0.52
0.10
201
1111
-0.45
0.39
0.17
198
1111
-0.55
0.24
0.15
197
1111
-0.60
0.10
-0.05
195
1111
-0.61
-0.05
-0.08
194
1111
-0.59
-0.20
-0.13
195
1111
-0.53
-0.35
-0.02
197
1111
-0.40
-0.46
-0.04
199
1111
-0.19
-0.49
0.21
202
1111
0.07
-0.43
0.10
206
1111
0.33
-0.28
0.14
211
1111
0.55
-0.05
0.18
214
1111
0.68
0.20
0.19
213
1111
0.67
0.41
0.21
216
1111
0.52
0.55
0.13
214
1111
0.29
0.58
-0.00
209
1111
0.03
0.49
-0.02
206
1111
-0.19
0.29
0.00
202
1111
-0.37
0.02
-0.00
199
1111
-0.45
-0.26
-0.01
197
1111
-0.44
-0.50
-0.02
197
1111
-0.33
-0.67
-0.11
200
1111
-0.13
-0.72
-0.03
203
1111
0.14
-0.65
-0.08
207
1111
0.43
-0.49
-0.13
212
1111
0.67
-0.25
0.03
216
1111
0.82
0.04
-0.04
218
1111
0.83
0.35
-0.03
218
1111
0.66
0.58
0.03
217
1111
0.34
0.64
0.19
211
1111
-0.02
0.51
0.11
205
1111
-0.30
0.27
0.09
200
1111
-0.46
0.00
0.03
198
1111
-0.49
-0.23
-0.00
196
1111
-0.43
-0.40
0.05
197
1111
-0.31
-0.49
0.07
200
1111
-0.18
-0.49
-0.14
202
1111
-0.07
-0.43
0.03
204
1111
-0.00
-0.35
0.10
205
1111
-0.02
-0.31
0.14
205
1111
-0.08
-0.33
0.03
203
1111
-0.12
-0.41
-0.03
204
1111
-0.08
-0.53
0.09
201
1111
0.04
-0.62
0.05
206
1111
0.21
-0.64
0.06
209
1111
0.36
-0.57
-0.05
212
1111
0.46
-0.43
-0.02
213
1111
0.53
-0.21
-0.05
214
1111
0.54
0.07
-0.18
214
1111
0.50
0.35
-0.03
213
1111
0.41
0.55
-0.03
212
1111
0.27
0.64
-0.14
209
1111
0.11
0.65
-0.16
206
1111
-0.05
0.59
-0.17
203
1111
-0.20
0.48
0.14
202
1111
-0.31
0.37
0.09
200
1111
-0.37
0.29
0.17
199
1111
-0.38
0.24
0.06
199
1111
-0.37
0.18
-0.02
199
1111
-0.35
0.11
-0.01
199
1111
-0.36
0.03
-0.08
199
1111
-0.39
-0.07
-0.11
198
1111
-0.41
-0.20
-0.10
197
1111
-0.36
-0.30
-0.05
199
1111
-0.26
-0.36
-0.05
201
1111
-0.13
-0.38
0.01
203
1111
0.02
-0.35
-0.20
205
1111
0.15
-0.28
-0.19
207
1111
0.27
-0.21
0.03
209
1111
0.37
-0.13
0.12
211
1111
0.45
-0.06
-0.16
213
1111
0.49
-0.02
-0.06
213
1111
0.50
-0.01
0.04
213
1111
0.47
-0.03
0.06
213
1111
0.43
-0.06
0.02
213
1111
0.41
-0.09
0.03
212
1111
0.41
-0.12
-0.07
212
1111
0.42
-0.16
-0.22
212
1111
0.46
-0.16
-0.17
213
1111
0.54
-0.12
-0.32
214
1111
0.64
-0.03
-0.18
216
1111
0.72
0.10
-0.14
219
1111
0.74
0.24
-0.08
218
1111
0.68
0.36
-0.08
217
1111
0.56
0.45
-0.07
215
1111
0.39
0.50
-0.22
211
1111
0.22
0.50
-0.21
208
1111
0.08
0.46
-0.07
206
1111
-0.02
0.39
-0.04
205
1111
-0.06
0.33
0.08
204
1111
-0.07
0.28
-0.07
203
1111
-0.06
0.26
0.03
203
1111
-0.02
0.24
-0.11
204
1111
-0.00
0.24
-0.06
203
1111
-0.01
0.24
-0.11
205
1111
-0.03
0.24
-0.09
204
1111
-0.08
0.22
-0.25
204
1111
-0.15
0.19
-0.20
202
1111
-0.24
0.17
-0.13
201
1111
-0.34
0.15
-0.22
199
1111
-0.46
0.12
-0.01
198
1111
-0.51
0.07
-0.17
196
1111
-0.49
-0.02
-0.35
196
1111
-0.41
-0.12
-0.11
198
1111
-0.30
-0.22
-0.08
200
1111
-0.17
-0.29
-0.17
203
1111
-0.05
-0.35
-0.05
204
1111
0.06
-0.38
0.02
207
1111
0.17
-0.37
-0.15
208
1111
0.26
-0.29
-0.25
209
1111
0.32
-0.16
0.03
211
1111
0.32
-0.01
-0.17
211
1111
0.28
0.14
-0.27
208
1111
0.21
0.24
-0.39
209
1111
0.12
0.29
-0.38
207
1111
0.06
0.31
-0.17
208
1111
0.03
0.32
-0.10
206
1111
0.01
0.32
-0.11
204
1111
0.01
0.32
-0.25
206
1111
0.02
0.33
-0.12
205
1111
0.03
0.33
-0.16
206
1111
-0.00
0.30
-0.11
205
1111
-0.07
0.23
-0.16
204
1111
-0.14
0.11
-0.18
203
1111
-0.21
-0.02
-0.31
202
1111
-0.27
-0.15
-0.23
201
1111
-0.30
-0.23
-0.26
202
1111
-0.30
-0.27
-0.33
200
1111
-0.26
-0.30
-0.21
201
1111
-0.20
-0.33
0.01
200
1111
-0.11
-0.36
0.07
203
1111
-0.01
-0.36
0.01
205
1111
0.11
-0.35
0.02
207
1111
0.19
-0.31
-0.10
209
1111
0.23
-0.29
0.01
209
1111
0.24
-0.27
-0.13
209
1111
0.24
-0.28
0.10
210
1111
0.24
-0.29
0.19
208
1111
0.28
-0.28
0.08
210
1111
0.33
-0.22
0.06
210
1111
0.36
-0.11
0.07
216
1111
0.35
0.05
0.08
211
1111
0.29
0.19
-0.02
210
1111
0.19
0.31
0.07
208
1111
0.08
0.38
-0.02
206
1111
-0.01
0.41
0.04
205
1111
-0.06
0.41
0.08
204
1111
-0.06
0.38
0.20
206
1111
-0.06
0.32
0.03
204
1111
-0.05
0.27
-0.09
204
1111
-0.06
0.26
-0.17
204
1111
-0.10
0.29
-0.08
204
1111
-0.19
0.32
-0.22
202
1111
-0.32
0.31
-0.19
200
1111
-0.46
0.24
0.01
198
1111
-0.61
0.08
-0.09
196
1111
-0.71
-0.14
-0.03
194
1111
-0.73
-0.38
-0.09
193
1111
-0.66
-0.62
-0.13
194
1111
-0.51
-0.83
-0.05
196
1111
-0.32
-0.99
-0.13
200
1111
-0.11
-1.08
-0.19
204
1111
0.13
-1.09
-0.29
207
1111
0.37
-1.01
-0.13
211
1111
0.53
-0.85
-0.16
214
1111
0.61
-0.66
-0.29
215
1111
0.61
-0.46
-0.31
215
1111
0.56
-0.26
-0.26
214
1111
0.47
-0.07
-0.35
213
1111
0.37
0.08
-0.33
212
1111
0.26
0.19
-0.19
209
1111
0.15
0.22
-0.42
208
1111
0.06
0.19
-0.28
206
1111
0.02
0.11
-0.20
206
1111
0.02
-0.00
-0.18
206
1111
0.09
-0.13
-0.20
207
1111
0.18
-0.24
-0.30
208
1111
0.30
-0.29
-0.26
211
1111
0.42
-0.26
-0.19
212
1111
0.49
-0.17
-0.30
214
1111
0.50
-0.07
-0.15
214
1111
0.46
0.01
-0.27
212
1111
0.42
0.08
-0.23
213
1111
0.38
0.14
-0.19
211
1111
0.35
0.22
-0.15
211
1111
0.27
0.31
-0.16
208
1111
0.13
0.40
-0.16
207
1111
-0.06
0.44
-0.36
204
1111
-0.26
0.41
-0.25
200
1111
-0.44
0.32
-0.16
198
1111
-0.57
0.21
-0.23
196
1111
-0.64
0.08
-0.60
194
1111
-0.66
-0.03
-0.36
194
1111
-0.64
-0.12
-0.37
194
1111
-0.61
-0.22
-0.24
194
1111
-0.55
-0.33
-0.23
196
1111
-0.47
-0.44
-0.17
198
1111
-0.34
-0.54
-0.18
199
1111
-0.17
-0.60
-0.12
203
1111
0.04
-0.60
-0.41
206
1111
0.28
-0.54
-0.32
210
1111
0.48
-0.43
-0.35
213
1111
0.61
-0.25
-0.36
216
1111
0.65
-0.04
-0.22
216
1111
0.61
0.20
-0.23
216
1111
0.48
0.46
-0.26
213
1111
0.27
0.68
-0.22
209
1111
0.00
0.80
-0.14
205
1111
-0.27
0.81
-0.15
201
1111
-0.49
0.70
-0.19
197
1111
-0.65
0.50
-0.01
195
1111
-0.73
0.26
-0.16
193
1111
-0.74
-0.00
-0.09
193
1111
-0.68
-0.26
-0.14
194
1111
-0.56
-0.48
-0.09
195
1111
-0.36
-0.63
-0.16
199
1111
-0.08
-0.64
-0.06
203
1111
0.22
-0.54
-0.09
209
1111
0.46
-0.37
-0.06
213
1111
0.63
-0.19
0.02
216
1111
0.73
-0.01
-0.13
217
1111
0.76
0.17
-0.01
218
1111
0.70
0.34
-0.16
216
1111
0.55
0.53
-0.18
214
1111
0.32
0.69
-0.07
210
1111
0.04
0.77
-0.06
205
1111
-0.23
0.74
-0.05
202
1111
-0.44
0.62
0.10
198
1111
-0.58
0.49
-0.08
196
1111
-0.67
0.34
-0.06
194
1111
-0.74
0.14
0.01
193
1111
-0.77
-0.10
0.12
192
1111
-0.77
-0.36
0.10
192
1111
-0.69
-0.59
-0.02
194
1111
-0.55
-0.74
-0.05
197
1111
-0.34
-0.79
-0.00
200
1111
-0.10
-0.76
-0.07
204
1111
0.14
-0.65
0.01
207
1111
0.33
-0.48
-0.10
211
1111
0.46
-0.29
-0.02
212
1111
0.54
-0.09
-0.15
215
1111
0.58
0.12
-0.04
216
1111
0.58
0.32
-0.07
217
1111
0.50
0.50
-0.16
212
1111
0.33
0.62
-0.19
211
1111
0.11
0.67
-0.24
205
1111
-0.14
0.63
0.00
203
1111
-0.38
0.52
-0.06
198
1111
-0.56
0.35
-0.08
196
1111
-0.70
0.13
-0.13
193
1111
-0.76
-0.12
-0.20
193
1111
-0.76
-0.36
-0.07
193
1111
-0.66
-0.56
-0.00
194
1111
-0.48
-0.69
-0.02
197
1111
-0.26
-0.73
-0.15
201
1111
-0.03
-0.64
-0.28
203
1111
0.16
-0.45
-0.18
208
1111
0.27
-0.23
-0.00
210
1111
0.30
-0.03
-0.01
209
1111
0.25
0.09
-0.07
210
1111
0.17
0.14
-0.07
208
1111
0.09
0.14
-0.16
206
1111
0.04
0.12
-0.14
206
1111
0.03
0.09
-0.22
205
1111
0.05
0.05
-0.20
205
1111
0.09
0.02
-0.27
207
1111
0.14
0.02
-0.07
207
1111
0.17
0.05
-0.09
208
1111
0.18
0.08
0.06
208
1111
0.18
0.11
-0.02
208
1111
0.17
0.13
-0.10
208
1111
0.17
0.14
-0.23
209
1111
0.19
0.17
-0.13
208
1111
0.24
0.21
-0.11
209
1111
0.30
0.28
-0.26
210
1111
0.34
0.38
-0.26
211
1111
0.33
0.47
-0.56
212
1111
0.24
0.50
-0.13
209
1111
0.07
0.47
-0.26
206
1111
-0.12
0.39
-0.16
203
1111
-0.29
0.28
-0.23
201
1111
-0.40
0.16
-0.15
198
1111
-0.43
0.06
-0.18
198
1111
-0.38
-0.04
-0.32
199
1111
-0.30
-0.17
-0.33
200
1111
-0.19
-0.30
-0.19
201
1111
-0.05
-0.39
-0.36
204
1111
0.11
-0.42
-0.41
207
1111
0.26
-0.40
-0.34
210
1111
0.38
-0.35
-0.31
211
1111
0.47
-0.25
-0.40
213
1111
0.54
-0.10
-0.34
213
1111
0.55
0.10
-0.36
212
1111
0.49
0.29
-0.16
213
1111
0.33
0.43
-0.07
210
1111
0.10
0.52
-0.16
206
1111
-0.13
0.58
-0.07
203
1111
-0.35
0.62
-0.20
200
1111
-0.53
0.62
-0.18
197
1111
-0.70
0.57
-0.19
194
1111
-0.84
0.47
-0.21
192
1111
-0.94
0.31
-0.24
190
1111
-0.94
0.08
-0.35
188
1111
-0.84
-0.16
-0.10
191
1111
-0.65
-0.37
-0.17
194
1111
-0.41
-0.52
-0.11
198
1111
-0.12
-0.59
-0.25
203
1111
0.20
-0.55
-0.18
208
1111
0.49
-0.43
-0.16
212
1111
0.72
-0.21
-0.06
218
1111
0.89
0.06
0.00
219
1111
0.97
0.35
0.01
222
1111
0.95
0.61
0.01
221
1111
0.82
0.81
-0.11
219
1111
0.60
0.93
0.00
215
1111
0.30
0.94
0.09
210
1111
-0.01
0.85
-0.06
205
1111
-0.30
0.65
-0.21
200
1111
-0.53
0.38
-0.26
195
1111
-0.68
0.09
-0.14
194
1111
-0.71
-0.17
-0.18
194
1111
-0.62
-0.34
-0.08
195
1111
-0.46
-0.44
-0.35
197
1111
-0.29
-0.47
-0.15
200
1111
-0.12
-0.43
-0.11
203
1111
0.01
-0.38
-0.23
206
1111
0.11
-0.33
-0.29
206
1111
0.22
-0.28
-0.28
208
1111
0.33
-0.18
-0.03
210
1111
0.42
-0.03
-0.18
212
1111
0.46
0.15
-0.17
212
1111
0.42
0.33
-0.08
212
1111
0.33
0.46
-0.13
210
1111
0.19
0.52
-0.21
208
1111
0.03
0.50
-0.30
206
1111
-0.11
0.39
0.04
204
1111
-0.22
0.22
-0.03
201
1111
-0.31
0.01
-0.06
200
1111
-0.36
-0.24
0.02
200
1111
-0.37
-0.50
0.01
199
1111
-0.34
-0.71
0.15
200
1111
-0.27
-0.82
0.13
202
1111
-0.14
-0.82
-0.11
203
1111
0.02
-0.72
-0.20
206
1111
0.18
-0.54
-0.16
208
1111
0.31
-0.29
0.03
210
1111
0.37
-0.02
-0.14
210
1111
0.36
0.19
0.14
212
1111
0.30
0.31
0.07
210
1111
0.19
0.32
0.06
209
1111
0.06
0.26
0.13
206
1111
-0.08
0.16
0.10
203
1111
-0.19
0.02
-0.09
202
1111
-0.25
-0.14
-0.00
201
1111
-0.22
-0.27
-0.02
202
1111
-0.12
-0.33
0.01
204
1111
0.03
-0.31
0.22
207
1111
0.16
-0.21
0.09
208
1111
0.24
-0.08
0.10
209
1111
0.24
0.02
0.08
208
1111
0.17
0.09
0.09
209
1111
0.07
0.12
0.06
206
1111
-0.04
0.10
-0.06
204
1111
-0.14
0.04
-0.05
203
1111
-0.22
-0.06
0.12
203
1111
-0.31
-0.17
0.11
199
1111
-0.39
-0.26
0.02
198
1111
-0.45
-0.35
0.11
197
1111
-0.46
-0.43
0.06
197
1111
-0.40
-0.51
0.17
198
1111
-0.30
-0.56
0.24
200
1111
-0.15
-0.55
0.19
202
1111
0.01
-0.47
0.07
205
1111
0.16
-0.34
-0.07
208
1111
0.26
-0.15
0.03
210
1111
0.25
0.02
-0.06
209
1111
0.16
0.15
-0.00
207
1111
-0.00
0.21
0.02
205
1111
-0.16
0.22
0.02
202
1111
-0.29
0.17
-0.13
200
1111
-0.34
0.10
0.01
200
1111
-0.34
0.03
-0.01
199
1111
-0.29
-0.03
-0.22
201
1111
-0.23
-0.09
-0.13
202
1111
-0.14
-0.16
-0.21
201
1111
-0.04
-0.19
-0.07
204
1111
0.07
-0.16
-0.18
207
1111
0.17
-0.08
-0.44
208
1111
0.24
0.03
-0.36
209
1111
0.25
0.16
-0.30
210
1111
0.24
0.26
-0.14
209
1111
0.18
0.33
-0.08
208
1111
0.07
0.35
-0.06
206
1111
-0.07
0.33
0.01
204
1111
-0.19
0.29
-0.08
202
1111
-0.25
0.22
-0.22
201
1111
-0.24
0.15
0.06
201
1111
-0.18
0.11
0.07
203
1111
-0.10
0.12
0.07
204
1111
-0.04
0.18
0.13
204
1111
-0.04
0.26
0.10
204
1111
-0.10
0.29
0.12
204
1111
-0.20
0.26
0.06
201
1111
-0.28
0.13
0.03
200
1111
-0.32
-0.05
0.07
200
1111
-0.31
-0.26
-0.10
200
1111
-0.26
-0.44
-0.09
201
1111
-0.16
-0.56
0.08
204
1111
-0.03
-0.59
-0.04
205
1111
0.10
-0.57
-0.13
206
1111
0.20
-0.51
0.04
209
1111
0.25
-0.42
0.13
209
1111
0.24
-0.30
0.05
209
1111
0.19
-0.19
-0.14
208
1111
0.11
-0.10
-0.06
207
1111
0.02
-0.04
-0.23
206
1111
-0.05
-0.00
-0.31
205
1111
-0.09
0.05
-0.15
203
1111
-0.12
0.12
-0.14
204
1111
-0.15
0.19
0.01
204
1111
-0.17
0.25
-0.01
202
1111
-0.18
0.27
0.07
202
1111
-0.19
0.24
0.01
202
1111
-0.20
0.17
0.07
202
1111
-0.23
0.11
0.11
202
1111
-0.30
0.04
0.14
200
1111
-0.37
-0.04
0.23
199
1111
-0.43
-0.14
0.05
198
1111
-0.44
-0.24
0.17
195
1111
-0.41
-0.34
0.18
198
1111
-0.33
-0.39
0.19
199
1111
-0.24
-0.38
0.28
201
1111
-0.14
-0.35
0.18
203
1111
-0.05
-0.32
0.20
205
1111
0.02
-0.30
0.16
205
1111
0.06
-0.29
0.03
207
1111
0.09
-0.26
0.11
206
1111
0.10
-0.20
0.02
207
1111
0.10
-0.13
-0.07
207
1111
0.08
-0.07
0.04
204
1111
0.04
-0.01
-0.07
206
1111
-0.02
0.03
0.06
204
1111
-0.08
0.06
0.18
203
1111
-0.15
0.10
0.14
203
1111
-0.20
0.13
0.21
202
1111
-0.23
0.15
0.06
202
1111
-0.25
0.17
0.03
201
1111
-0.27
0.15
0.08
201
1111
-0.29
0.10
0.14
201
1111
-0.27
0.00
0.22
201
1111
-0.18
-0.08
0.29
202
1111
-0.04
-0.13
0.13
205
1111
0.14
-0.10
0.28
208
1111
0.28
-0.01
0.20
209
1111
0.34
0.10
0.21
211
1111
0.29
0.18
0.16
210
1111
0.20
0.19
0.07
207
1111
0.10
0.14
0.13
207
1111
0.06
0.05
0.08
206
1111
0.08
-0.06
-0.02
206
1111
0.14
-0.17
0.08
208
1111
0.22
-0.24
0.07
209
1111
0.31
-0.24
0.16
210
1111
0.40
-0.17
0.04
212
1111
0.47
-0.02
0.03
212
1111
0.49
0.16
0.13
212
1111
0.46
0.34
0.05
211
1111
0.38
0.48
-0.07
212
1111
0.25
0.56
-0.02
209
1111
0.09
0.54
-0.02
206
1111
-0.06
0.44
0.10
204
1111
-0.16
0.31
0.02
202
1111
-0.20
0.15
0.21
201
1111
-0.18
-0.03
0.17
202
1111
-0.12
-0.21
0.16
203
1111
-0.06
-0.36
0.14
204
1111
-0.01
-0.43
0.18
205
1111
0.03
-0.41
0.41
207
1111
0.08
-0.36
0.24
206
1111
0.14
-0.30
0.17
207
1111
0.24
-0.21
0.37
209
1111
0.34
-0.10
0.30
211
1111
0.45
0.02
0.13
212
1111
0.54
0.18
0.32
214
1111
0.58
0.35
0.15
214
1111
0.54
0.51
0.10
214
1111
0.45
0.63
0.06
213
1111
0.34
0.68
0.24
211
1111
0.21
0.66
0.06
208
1111
0.06
0.58
0.18
207
1111
-0.10
0.47
0.34
203
1111
-0.28
0.35
0.23
199
1111
-0.45
0.20
0.14
198
1111
-0.60
0.03
0.19
195
1111
-0.70
-0.15
0.24
194
1111
-0.72
-0.35
0.25
194
1111
-0.63
-0.53
0.32
194
1111
-0.46
-0.70
0.16
196
1111
-0.24
-0.81
0.10
201
1111
0.03
-0.84
0.19
206
1111
0.30
-0.77
0.36
210
1111
0.52
-0.61
0.25
214
1111
0.65
-0.41
0.34
217
1111
0.72
-0.19
0.26
217
1111
0.73
0.00
0.26
217
1111
0.67
0.14
0.37
216
1111
0.58
0.24
0.42
215
1111
0.51
0.34
0.30
211
1111
0.44
0.42
0.22
212
1111
0.34
0.45
0.33
212
1111
0.22
0.45
0.29
209
1111
0.09
0.42
0.23
207
1111
-0.01
0.38
0.13
205
1111
-0.10
0.32
0.16
203
1111
-0.17
0.24
0.23
202
1111
-0.21
0.14
0.14
202
1111
-0.22
0.03
0.29
201
1111
-0.20
-0.05
0.30
202
1111
-0.15
-0.10
0.38
203
1111
-0.08
-0.10
0.27
204
1111
-0.04
-0.06
0.31
205
1111
-0.03
0.01
0.18
205
1111
-0.07
0.09
0.23
204
1111
-0.14
0.15
0.06
203
1111
-0.24
0.16
0.15
201
1111
-0.35
0.09
0.12
199
1111
-0.48
-0.06
0.05
197
1111
-0.58
-0.26
0.08
195
1111
-0.62
-0.49
0.07
194
1111
-0.57
-0.74
0.00
197
1111
-0.42
-0.93
0.03
199
1111
-0.20
-1.02
0.22
202
1111
0.04
-1.00
0.15
206
1111
0.28
-0.92
0.06
211
1111
0.49
-0.77
0.18
212
1111
0.65
-0.59
0.01
216
1111
0.75
-0.41
0.02
218
1111
0.79
-0.23
-0.07
218
1111
0.79
-0.07
-0.05
218
1111
0.76
0.11
-0.05
217
1111
0.69
0.27
0.06
217
1111
0.61
0.42
0.09
215
1111
0.50
0.56
-0.07
213
1111
0.37
0.69
0.03
211
1111
0.21
0.73
0.11
209
1111
0.02
0.66
0.14
206
1111
-0.18
0.47
0.02
202
1111
-0.35
0.20
-0.07
200
1111
-0.44
-0.10
-0.11
198
1111
-0.43
-0.38
-0.03
197
1111
-0.32
-0.60
0.06
201
1111
-0.14
-0.72
-0.02
203
1111
0.03
-0.73
0.24
206
1111
0.18
-0.65
0.25
208
1111
0.28
-0.51
0.35
209
1111
0.33
-0.35
0.35
211
1111
0.35
-0.16
0.25
211
1111
0.33
0.03
0.31
211
1111
0.29
0.19
0.17
210
1111
0.24
0.30
0.13
207
1111
0.19
0.34
0.39
207
1111
0.13
0.33
0.16
207
1111
0.07
0.28
0.11
206
1111
-0.01
0.19
0.22
205
1111
-0.08
0.06
0.21
203
1111
-0.13
-0.08
0.18
202
1111
-0.12
-0.21
0.15
203
1111
-0.05
-0.27
0.12
204
1111
0.08
-0.26
0.13
206
1111
0.20
-0.18
0.21
208
1111
0.29
-0.06
0.30
209
1111
0.30
0.08
0.18
210
1111
0.25
0.21
0.18
209
1111
0.12
0.27
0.05
207
1111
-0.02
0.26
-0.00
205
1111
-0.16
0.18
-0.10
203
1111
-0.27
0.03
0.17
201
1111
-0.31
-0.19
0.19
200
1111
-0.25
-0.41
0.14
201
1111
-0.12
-0.58
0.19
203
1111
0.09
-0.66
0.27
206
1111
0.31
-0.63
0.26
210
1111
0.52
-0.51
0.23
214
1111
0.67
-0.31
0.30
216
1111
0.76
-0.07
0.12
218
1111
0.76
0.20
0.19
218
1111
0.67
0.45
0.01
216
1111
0.52
0.64
0.19
214
1111
0.32
0.73
0.16
210
1111
0.10
0.70
0.05
206
1111
-0.09
0.60
0.18
204
1111
-0.25
0.46
0.04
202
1111
-0.37
0.31
0.06
199
1111
-0.44
0.17
0.02
198
1111
-0.46
0.05
0.03
198
1111
-0.45
-0.06
0.06
198
1111
-0.44
-0.16
0.00
198
1111
-0.43
-0.23
-0.04
198
1111
-0.40
-0.28
-0.08
199
1111
-0.31
-0.33
0.03
201
1111
-0.19
-0.35
0.04
202
1111
-0.06
-0.33
-0.04
204
1111
0.06
-0.31
0.02
206
1111
0.14
-0.27
0.04
208
1111
0.20
-0.24
0.02
209
1111
0.25
-0.21
0.02
209
1111
0.28
-0.20
0.12
210
1111
0.30
-0.20
0.14
210
1111
0.31
-0.17
-0.04
211
1111
0.30
-0.12
0.19
209
1111
0.25
-0.07
0.29
209
1111
0.20
-0.05
0.01
208
1111
0.16
-0.03
0.08
208
1111
0.12
-0.00
0.15
207
1111
0.10
0.01
0.22
207
1111
0.10
0.00
0.08
205
1111
0.11
-0.04
0.35
206
1111
0.13
-0.07
0.26
207
1111
0.14
-0.08
0.04
209
1111
0.17
-0.07
0.01
208
1111
0.20
-0.05
0.13
208
1111
0.22
-0.02
0.13
209
1111
0.20
-0.00
0.20
209
1111
0.16
0.01
0.22
207
1111
0.13
0.02
0.03
208
1111
0.12
0.05
0.05
207
1111
0.13
0.11
0.08
206
1111
0.14
0.16
0.24
208
1111
0.13
0.20
0.07
208
1111
0.10
0.22
0.09
206
1111
0.06
0.21
0.08
207
1111
0.01
0.15
-0.07
205
1111
-0.01
0.05
0.01
204
1111
0.03
-0.04
-0.13
205
1111
0.14
-0.05
0.04
207
1111
0.27
0.03
0.06
210
1111
0.35
0.18
0.10
211
1111
0.36
0.35
0.05
211
1111
0.30
0.52
0.16
210
1111
0.15
0.66
0.19
207
1111
-0.06
0.76
0.19
203
1111
-0.32
0.80
0.02
200
1111
-0.57
0.76
0.07
195
1111
-0.78
0.62
0.17
192
1111
-0.94
0.40
0.02
190
1111
-1.06
0.13
-0.01
188
1111
-1.11
-0.18
0.09
187
1111
-1.07
-0.52
0.22
188
1111
-0.92
-0.84
0.14
190
1111
-0.69
-1.06
0.21
194
1111
-0.40
-1.13
-0.07
198
1111
-0.13
-1.06
-0.02
204
1111
0.08
-0.89
0.07
206
1111
0.22
-0.67
0.07
209
1111
0.32
-0.43
-0.16
210
1111
0.37
-0.19
-0.05
211
1111
0.38
0.04
0.22
212
1111
0.32
0.22
0.17
210
1111
0.21
0.33
0.28
209
1111
0.07
0.39
0.11
206
1111
-0.07
0.41
0.11
204
1111
-0.21
0.39
0.08
201
1111
-0.37
0.35
0.05
199
1111
-0.53
0.28
0.03
197
1111
-0.66
0.19
0.03
194
1111
-0.74
0.08
-0.06
193
1111
-0.74
-0.07
0.08
192
1111
-0.68
-0.23
-0.04
194
1111
-0.58
-0.38
-0.09
195
1111
-0.45
-0.50
0.01
198
1111
-0.31
-0.61
0.07
200
1111
-0.13
-0.70
-0.02
203
1111
0.07
-0.72
0.07
206
1111
0.26
-0.64
0.01
210
1111
0.40
-0.47
0.03
212
1111
0.46
-0.25
-0.01
213
1111
0.46
-0.01
0.12
213
1111
0.42
0.23
0.18
211
1111
0.30
0.43
-0.02
210
1111
0.12
0.54
-0.08
206
1111
-0.10
0.54
-0.16
204
1111
-0.35
0.46
-0.08
199
1111
-0.61
0.31
0.09
195
1111
-0.84
0.10
0.05
191
1111
-0.98
-0.17
-0.15
189
1111
-0.98
-0.44
-0.06
189
1111
-0.85
-0.67
-0.00
191
1111
-0.63
-0.82
-0.08
195
1111
-0.35
-0.89
-0.08
200
1111
-0.04
-0.85
0.02
204
1111
0.24
-0.74
-0.07
209
1111
0.48
-0.60
0.06
212
1111
0.69
-0.40
0.03
216
1111
0.85
-0.16
0.03
219
1111
0.92
0.12
-0.11
221
1111
0.88
0.38
-0.17
220
1111
0.73
0.58
-0.08
218
1111
0.50
0.73
0.00
219
1111
0.25
0.85
0.05
210
1111
-0.01
0.89
0.23
205
1111
-0.27
0.83
0.16
201
1111
-0.50
0.66
0.10
196
1111
-0.69
0.41
0.07
193
1111
-0.82
0.12
0.16
191
1111
-0.87
-0.19
0.07
191
1111
-0.85
-0.48
0.04
190
1111
-0.75
-0.69
-0.00
194
1111
-0.59
-0.79
0.05
195
1111
-0.38
-0.77
0.06
199
1111
-0.16
-0.66
0.12
202
1111
0.02
-0.48
0.16
203
1111
0.11
-0.28
0.00
207
1111
0.10
-0.11
-0.12
207
1111
0.00
0.01
0.06
206
1111
-0.14
0.06
0.06
202
1111
-0.31
0.04
-0.09
200
1111
-0.47
-0.03
-0.03
197
1111
-0.60
-0.16
-0.05
195
1111
-0.63
-0.32
-0.12
195
1111
-0.55
-0.49
-0.16
196
1111
-0.39
-0.64
-0.07
199
1111
-0.16
-0.71
-0.14
202
1111
0.10
-0.68
-0.20
206
1111
0.37
-0.55
-0.05
211
1111
0.62
-0.37
-0.09
214
1111
0.82
-0.17
0.07
219
1111
0.96
0.05
-0.08
222
1111
1.01
0.27
0.06
222
1111
0.96
0.46
0.05
222
1111
0.84
0.60
0.19
219
1111
0.63
0.67
0.21
216
1111
0.41
0.65
0.08
212
1111
0.24
0.56
0.22
210
1111
0.15
0.44
0.14
207
1111
0.13
0.33
-0.01
207
1111
0.15
0.24
-0.07
206
1111
0.17
0.16
0.13
209
1111
0.21
0.10
-0.11
208
1111
0.26
0.09
-0.04
209
1111
0.31
0.11
0.11
211
1111
0.33
0.17
0.05
210
1111
0.28
0.22
0.09
210
1111
0.19
0.24
-0.01
208
1111
0.10
0.21
0.02
207
1111
0.02
0.15
-0.12
206
1111
-0.01
0.07
-0.18
206
1111
0.01
-0.02
-0.14
205
1111
0.10
-0.08
0.06
204
1111
0.23
-0.10
-0.08
208
1111
0.34
-0.09
-0.16
211
1111
0.42
-0.05
-0.09
213
1111
0.45
0.05
-0.11
213
1111
0.44
0.19
-0.13
214
1111
0.41
0.35
-0.00
212
1111
0.37
0.51
0.11
211
1111
0.30
0.68
-0.13
210
1111
0.19
0.85
-0.01
208
1111
0.03
0.98
-0.06
206
1111
-0.14
1.04
-0.16
203
1111
-0.35
1.01
0.06
200
1111
-0.58
0.87
-0.14
196
1111
-0.83
0.64
0.03
191
1111
-1.05
0.35
0.07
188
1111
-1.20
0.05
0.14
185
1111
-1.24
-0.24
0.22
184
1111
-1.16
-0.51
0.14
186
1111
-0.97
-0.74
-0.15
189
1111
-0.71
-0.93
-0.21
194
1111
-0.38
-1.03
-0.21
199
1111
-0.01
-1.00
-0.07
205
1111
0.35
-0.83
0.00
212
1111
0.62
-0.56
-0.05
215
1111
0.75
-0.25
-0.15
218
1111
0.74
0.06
-0.14
218
1111
0.63
0.32
-0.09
216
1111
0.42
0.50
0.03
212
1111
0.15
0.58
0.09
207
1111
-0.15
0.60
0.14
203
1111
-0.41
0.54
0.02
199
1111
-0.60
0.41
0.07
195
1111
-0.70
0.25
0.08
194
1111
-0.72
0.08
0.14
194
1111
-0.66
-0.10
0.22
194
1111
-0.54
-0.28
0.19
197
1111
-0.36
-0.45
0.11
199
1111
-0.12
-0.57
0.26
203
1111
0.15
-0.60
0.11
208
1111
0.43
-0.56
0.11
212
1111
0.66
-0.44
0.13
216
1111
0.80
-0.24
0.05
218
1111
0.84
0.01
0.02
219
1111
0.77
0.27
0.21
218
1111
0.63
0.47
0.15
215
1111
0.48
0.61
0.18
213
1111
0.34
0.69
0.12
210
1111
0.23
0.71
0.13
209
1111
0.13
0.70
0.12
207
1111
0.04
0.69
-0.03
206
1111
-0.06
0.67
0.11
203
1111
-0.19
0.64
-0.02
202
1111
-0.35
0.58
-0.08
200
1111
-0.51
0.50
-0.06
197
1111
-0.67
0.36
-0.02
195
1111
-0.81
0.18
0.11
192
1111
-0.91
-0.06
0.20
190
1111
-0.92
-0.34
0.22
189
1111
-0.84
-0.64
0.07
191
1111
-0.64
-0.90
0.10
194
1111
-0.35
-1.06
0.07
199
1111
-0.01
-1.08
0.17
205
1111
0.32
-0.97
0.15
210
1111
0.61
-0.77
0.08
215
1111
0.84
-0.48
0.20
216
1111
1.01
-0.14
0.29
222
1111
1.12
0.22
0.11
224
1111
1.15
0.55
0.20
224
1111
1.07
0.82
0.11
224
1111
0.87
1.01
0.15
219
1111
0.58
1.12
-0.05
215
1111
0.23
1.14
-0.17
209
1111
-0.14
1.07
-0.17
203
1111
-0.54
0.86
-0.17
196
1111
-0.93
0.50
-0.03
190
1111
-1.21
0.06
-0.12
184
1111
-1.34
-0.42
0.06
182
1111
-1.30
-0.86
0.03
185
1111
-1.09
-1.22
-0.16
186
1111
-0.76
-1.46
-0.04
193
1111
-0.33
-1.57
0.06
200
1111
0.14
-1.55
0.08
208
1111
0.63
-1.38
0.01
216
1111
1.07
-1.08
0.18
224
1111
1.40
-0.68
-0.05
228
1111
1.55
-0.25
0.02
230
1111
1.54
0.17
0.13
230
1111
1.42
0.53
0.06
229
1111
1.23
0.82
0.03
226
1111
1.01
1.03
-0.00
222
1111
0.76
1.18
0.03
218
1111
0.46
1.25
-0.08
212
1111
0.08
1.21
0.06
207
1111
-0.36
1.04
0.05
199
1111
-0.79
0.75
0.07
193
1111
-1.14
0.39
0.11
187
1111
-1.33
0.03
0.11
183
1111
-1.35
-0.33
0.13
182
1111
-1.23
-0.68
0.15
185
1111
-1.01
-0.98
0.12
188
1111
-0.75
-1.22
0.14
192
1111
-0.44
-1.37
0.20
198
1111
-0.12
-1.43
0.05
203
1111
0.23
-1.38
-0.06
210
1111
0.58
-1.20
0.25
216
1111
0.87
-0.93
0.14
219
1111
1.03
-0.61
0.11
222
1111
1.06
-0.27
0.08
222
1111
0.98
0.02
-0.03
222
1111
0.86
0.27
0.20
219
1111
0.74
0.47
-0.01
217
1111
0.64
0.62
0.14
215
1111
0.56
0.73
0.13
215
1111
0.45
0.78
0.03
213
1111
0.31
0.78
0.20
210
1111
0.13
0.75
0.12
207
1111
-0.08
0.68
0.07
204
1111
-0.29
0.58
0.07
197
1111
-0.47
0.42
0.06
197
1111
-0.62
0.22
0.23
195
1111
-0.71
-0.02
0.29
193
1111
-0.69
-0.27
0.27
194
1111
-0.53
-0.48
0.28
196
1111
-0.24
-0.57
0.22
201
1111
0.10
-0.52
0.28
208
1111
0.40
-0.36
0.23
211
1111
0.63
-0.14
0.31
216
1111
0.79
0.08
0.36
218
1111
0.86
0.32
0.09
220
1111
0.84
0.55
0.28
219
1111
0.72
0.75
0.07
217
1111
0.52
0.90
0.07
213
1111
0.24
0.98
0.18
210
1111
-0.08
0.95
0.11
203
1111
-0.40
0.80
0.23
198
1111
-0.68
0.56
0.07
194
1111
-0.86
0.26
-0.02
191
1111
-0.93
-0.05
0.18
189
1111
-0.90
-0.36
0.14
190
1111
-0.78
-0.64
0.29
192
1111
-0.56
-0.83
0.15
195
1111
-0.29
-0.89
0.24
200
1111
-0.01
-0.83
0.27
205
1111
0.25
-0.68
0.27
209
1111
0.46
-0.45
0.25
214
1111
0.58
-0.17
0.31
215
1111
0.62
0.10
0.27
215
1111
0.58
0.32
0.23
215
1111
0.44
0.45
0.08
212
1111
0.25
0.48
-0.09
208
1111
0.08
0.41
-0.11
207
1111
-0.04
0.29
-0.05
205
1111
-0.09
0.17
-0.01
202
1111
-0.06
0.08
-0.03
205
1111
0.03
0.07
-0.01
206
1111
0.11
0.10
0.13
206
1111
0.15
0.14
0.05
207
1111
0.14
0.17
0.04
207
1111
0.11
0.19
0.04
207
1111
0.04
0.19
0.11
205
1111
-0.05
0.18
-0.14
204
1111
-0.16
0.17
0.19
203
1111
-0.26
0.15
0.16
201
1111
-0.33
0.11
0.20
200
1111
-0.38
0.05
0.02
199
1111
-0.41
0.00
0.21
198
1111
-0.41
-0.03
0.12
198
1111
-0.39
-0.04
-0.03
199
1111
-0.36
-0.06
0.15
199
1111
-0.31
-0.05
0.10
200
1111
-0.22
-0.03
0.21
203
1111
-0.11
0.02
0.28
204
1111
-0.01
0.07
0.12
204
1111
0.05
0.10
0.10
206
1111
0.10
0.09
0.16
207
1111
0.19
0.07
0.08
209
1111
0.31
0.10
0.18
211
1111
0.42
0.16
0.14
212
1111
0.46
0.24
0.02
213
1111
0.41
0.32
-0.08
212
1111
0.30
0.37
0.02
210
1111
0.16
0.38
0.15
208
1111
0.02
0.36
0.17
205
1111
-0.15
0.30
0.21
202
1111
-0.29
0.17
0.21
201
1111
-0.39
0.01
0.31
198
1111
-0.43
-0.15
0.28
198
1111
-0.38
-0.29
0.38
199
1111
-0.29
-0.40
0.39
199
1111
-0.17
-0.44
0.39
202
1111
-0.03
-0.41
0.34
205
1111
0.10
-0.33
0.30
207
1111
0.20
-0.20
0.34
208
1111
0.24
-0.05
0.16
208
1111
0.23
0.13
0.27
209
1111
0.18
0.28
0.24
208
1111
0.08
0.36
0.10
206
1111
-0.04
0.36
0.14
205
1111
-0.18
0.29
0.07
202
1111
-0.29
0.18
0.14
200
1111
-0.37
0.05
0.11
199
1111
-0.40
-0.09
-0.10
198
1111
-0.36
-0.26
-0.00
199
1111
-0.25
-0.42
0.20
201
1111
-0.11
-0.55
0.09
204
1111
0.07
-0.64
0.15
206
1111
0.27
-0.64
0.13
209
1111
0.47
-0.55
0.08
213
1111
0.59
-0.36
0.06
214
1111
0.61
-0.12
0.19
215
1111
0.53
0.12
0.08
214
1111
0.39
0.30
0.10
211
1111
0.19
0.40
0.18
208
1111
-0.03
0.42
0.16
205
1111
-0.26
0.34
0.06
202
1111
-0.44
0.17
0.13
199
1111
-0.50
-0.06
0.24
196
1111
-0.45
-0.28
0.25
197
1111
-0.32
-0.44
0.39
200
1111
-0.17
-0.55
0.35
202
1111
-0.02
-0.58
0.15
204
1111
0.14
-0.54
-0.03
207
1111
0.29
-0.46
0.00
207
1111
0.41
-0.34
0.03
212
1111
0.48
-0.21
0.14
213
1111
0.49
-0.11
0.09
212
1111
0.48
-0.04
0.09
215
1111
0.45
0.01
0.10
212
1111
0.43
0.08
0.01
213
1111
0.37
0.16
0.08
211
1111
0.27
0.24
-0.03
209
1111
0.13
0.28
0.02
207
1111
-0.01
0.27
-0.09
205
1111
-0.14
0.23
-0.01
205
1111
-0.25
0.16
0.10
202
1111
-0.33
0.07
0.00
199
1111
-0.39
-0.01
-0.14
198
1111
-0.45
-0.07
-0.15
199
1111
-0.52
-0.15
-0.17
196
1111
-0.62
-0.27
-0.25
195
1111
-0.66
-0.40
-0.10
194
1111
-0.58
-0.50
-0.13
196
1111
-0.41
-0.55
0.02
198
1111
-0.18
-0.53
0.02
203
1111
0.06
-0.46
-0.03
207
1111
0.28
-0.36
0.00
210
1111
0.46
-0.24
0.14
213
1111
0.58
-0.11
0.16
213
1111
0.64
-0.02
0.09
216
1111
0.66
0.07
0.04
215
1111
0.65
0.15
0.14
214
1111
0.61
0.21
-0.02
215
1111
0.57
0.27
0.14
215
1111
0.55
0.35
0.22
215
1111
0.53
0.44
0.19
212
1111
0.49
0.56
0.08
213
1111
0.40
0.68
-0.07
212
1111
0.28
0.76
0.01
209
1111
0.10
0.79
-0.01
207
1111
-0.13
0.75
-0.05
203
1111
-0.37
0.63
-0.14
199
1111
-0.58
0.45
-0.18
195
1111
-0.75
0.24
0.12
193
1111
-0.88
0.00
0.08
190
1111
-0.96
-0.24
-0.06
190
1111
-0.94
-0.48
-0.15
188
1111
-0.80
-0.66
0.01
191
1111
-0.53
-0.75
0.03
198
1111
-0.17
-0.73
-0.08
202
1111
0.20
-0.57
-0.06
207
1111
0.52
-0.32
0.02
213
1111
0.73
-0.03
0.01
217
1111
0.79
0.26
0.11
218
1111
0.72
0.50
0.11
217
1111
0.55
0.63
0.24
214
1111
0.33
0.63
0.14
211
1111
0.06
0.56
0.38
206
1111
-0.20
0.41
0.27
201
1111
-0.39
0.20
0.32
198
1111
-0.46
-0.03
0.20
197
1111
-0.41
-0.24
0.29
198
1111
-0.29
-0.38
0.34
201
1111
-0.13
-0.43
0.34
203
1111
0.02
-0.39
0.24
206
1111
0.13
-0.31
0.29
207
1111
0.19
-0.22
0.31
209
1111
0.21
-0.14
0.12
208
1111
0.23
-0.09
0.14
210
1111
0.25
-0.05
0.07
208
1111
0.25
0.01
0.14
209
1111
0.24
0.08
0.18
210
1111
0.19
0.15
0.17
209
1111
0.13
0.23
0.06
206
1111
0.05
0.29
0.03
205
1111
-0.04
0.36
0.06
205
1111
-0.11
0.41
0.15
203
1111
-0.18
0.44
0.18
202
1111
-0.25
0.43
0.00
202
1111
-0.32
0.39
-0.29
200
1111
-0.36
0.33
-0.03
198
1111
-0.38
0.25
-0.18
199
1111
-0.37
0.16
-0.12
199
1111
-0.34
0.08
-0.05
200
1111
-0.31
0.03
-0.13
200
1111
-0.30
-0.00
-0.23
200
1111
-0.33
-0.02
-0.16
199
1111
-0.38
-0.07
-0.19
199
1111
-0.41
-0.15
-0.32
199
1111
-0.41
-0.24
-0.32
199
1111
-0.34
-0.30
-0.30
200
1111
-0.23
-0.32
-0.28
201
1111
-0.10
-0.28
-0.10
203
1111
0.03
-0.21
-0.13
206
1111
0.12
-0.12
-0.03
207
1111
0.17
-0.03
-0.03
208
1111
0.17
0.03
-0.13
208
1111
0.14
0.06
-0.07
207
1111
0.07
0.08
0.07
206
1111
-0.01
0.07
0.05
202
1111
-0.10
0.02
0.14
201
1111
-0.17
-0.06
0.27
203
1111
-0.21
-0.17
0.15
202
1111
-0.23
-0.31
0.12
201
1111
-0.23
-0.43
0.19
201
1111
-0.19
-0.50
-0.00
202
1111
-0.10
-0.50
0.06
204
1111
0.01
-0.47
0.31
204
1111
0.13
-0.41
0.09
208
1111
0.22
-0.33
0.27
208
1111
0.26
-0.22
0.28
210
1111
0.27
-0.11
0.21
210
1111
0.26
-0.02
0.22
209
1111
0.21
0.01
0.16
209
1111
0.15
-0.00
0.10
208
1111
0.09
-0.05
0.04
207
1111
0.03
-0.11
-0.00
206
1111
-0.01
-0.14
0.03
205
1111
-0.05
-0.15
-0.01
204
1111
-0.08
-0.16
0.07
204
1111
-0.09
-0.17
0.24
204
1111
-0.03
-0.21
0.26
205
1111
0.05
-0.24
0.20
206
1111
0.15
-0.27
-0.00
207
1111
0.25
-0.28
0.10
210
1111
0.32
-0.29
0.14
210
1111
0.37
-0.26
0.03
211
1111
0.40
-0.16
0.02
212
1111
0.42
-0.01
0.08
212
1111
0.40
0.13
0.12
212
1111
0.33
0.25
0.02
210
1111
0.23
0.34
0.02
209
1111
0.10
0.41
-0.05
207
1111
-0.04
0.42
0.01
206
1111
-0.15
0.39
-0.07
203
1111
-0.24
0.34
-0.08
201
1111
-0.32
0.30
-0.13
199
1111
-0.40
0.24
-0.14
198
1111
-0.48
0.16
0.00
196
1111
-0.52
0.07
0.05
196
1111
-0.52
-0.05
0.08
196
1111
-0.52
-0.16
0.10
197
1111
-0.52
-0.26
-0.02
197
1111
-0.53
-0.35
0.04
196
1111
-0.51
-0.44
0.03
199
1111
-0.41
-0.51
0.11
197
1111
-0.23
-0.52
0.05
203
1111
0.01
-0.44
0.26
205
1111
0.23
-0.29
0.01
209
1111
0.36
-0.14
0.17
211
1111
0.41
-0.03
0.12
211
1111
0.39
0.02
0.06
211
1111
0.33
0.02
-0.01
211
1111
0.25
0.01
-0.06
210
1111
0.16
0.02
-0.16
208
1111
0.09
0.08
-0.11
204
1111
0.04
0.17
-0.14
206
1111
-0.01
0.24
-0.16
205
1111
-0.08
0.25
-0.03
204
1111
-0.18
0.19
-0.16
202
1111
-0.27
0.06
-0.23
200
1111
-0.31
-0.08
-0.24
200
1111
-0.31
-0.22
-0.15
203
1111
-0.24
-0.32
-0.29
201
1111
-0.11
-0.35
-0.11
203
1111
0.06
-0.29
-0.07
206
1111
0.18
-0.14
-0.19
207
1111
0.25
0.05
-0.12
209
1111
0.27
0.24
-0.11
209
1111
0.24
0.40
-0.14
209
1111
0.13
0.52
-0.20
207
1111
-0.05
0.58
-0.07
204
1111
-0.27
0.56
0.01
200
1111
-0.49
0.45
0.02
195
1111
-0.66
0.29
-0.12
194
1111
-0.76
0.09
0.04
193
1111
-0.78
-0.11
-0.09
193
1111
-0.72
-0.30
-0.15
194
1111
-0.57
-0.44
-0.04
196
1111
-0.38
-0.50
-0.06
198
1111
-0.20
-0.48
-0.14
201
1111
-0.06
-0.39
-0.11
204
1111
0.03
-0.31
-0.08
205
1111
0.07
-0.23
-0.07
204
1111
0.08
-0.15
-0.03
208
1111
0.09
-0.08
-0.18
206
1111
0.11
0.00
-0.17
207
1111
0.14
0.10
-0.25
208
1111
0.15
0.16
-0.10
207
1111
0.13
0.19
-0.15
207
1111
0.06
0.18
-0.12
206
1111
-0.05
0.15
-0.28
204
1111
-0.18
0.07
-0.06
202
1111
-0.28
-0.05
0.04
199
1111
-0.32
-0.17
-0.14
201
1111
-0.29
-0.28
-0.07
201
1111
-0.18
-0.34
-0.25
202
1111
-0.01
-0.33
-0.21
205
1111
0.18
-0.25
-0.28
208
1111
0.35
-0.13
-0.22
211
1111
0.46
0.01
-0.11
213
1111
0.49
0.15
0.01
213
1111
0.43
0.25
-0.26
213
1111
0.32
0.30
-0.16
211
1111
0.22
0.32
-0.14
208
1111
0.14
0.34
-0.01
210
1111
0.09
0.33
-0.07
205
1111
0.06
0.30
0.13
205
1111
0.05
0.23
-0.12
206
1111
0.04
0.17
-0.14
206
1111
0.01
0.12
-0.17
205
1111
-0.01
0.07
0.12
205
1111
-0.02
0.00
0.23
205
1111
-0.03
-0.08
0.16
204
1111
-0.02
-0.12
0.01
205
1111
0.02
-0.11
-0.02
204
1111
0.04
-0.05
0.07
206
1111
0.03
0.02
-0.10
206
1111
-0.00
0.10
-0.10
206
1111
-0.05
0.17
-0.09
204
1111
-0.08
0.25
-0.12
204
1111
-0.13
0.33
-0.20
203
1111
-0.19
0.43
-0.06
202
1111
-0.26
0.51
-0.04
201
1111
-0.31
0.52
-0.07
200
1111
-0.35
0.50
-0.21
199
1111
-0.41
0.45
-0.13
198
1111
-0.48
0.38
-0.03
196
1111
-0.52
0.27
-0.01
197
1111
-0.52
0.12
-0.14
196
1111
-0.49
-0.05
-0.10
197
1111
-0.41
-0.22
-0.24
198
1111
-0.29
-0.36
-0.14
200
1111
-0.18
-0.44
-0.07
203
1111
-0.10
-0.45
-0.09
204
1111
-0.05
-0.43
-0.16
204
1111
-0.05
-0.41
-0.26
205
1111
-0.08
-0.40
-0.38
203
1111
-0.11
-0.42
-0.22
203
1111
-0.11
-0.47
-0.27
204
1111
-0.03
-0.51
-0.18
205
1111
0.12
-0.50
-0.25
207
1111
0.32
-0.39
-0.29
210
1111
0.52
-0.22
-0.30
212
1111
0.68
-0.02
-0.35
214
1111
0.75
0.18
-0.39
218
1111
0.73
0.37
-0.33
219
1111
0.65
0.55
-0.10
220
1111
0.51
0.67
-0.27
214
1111
0.35
0.72
-0.13
211
1111
0.19
0.70
0.10
208
1111
0.02
0.62
0.12
205
1111
-0.13
0.48
0.16
202
1111
-0.22
0.34
-0.08
201
1111
-0.26
0.22
0.05
201
1111
-0.28
0.14
-0.12
200
1111
-0.30
0.06
-0.15
201
1111
-0.28
-0.02
-0.11
201
1111
-0.23
-0.09
-0.27
201
1111
-0.17
-0.13
-0.22
203
1111
-0.12
-0.14
-0.20
204
1111
-0.07
-0.13
0.00
204
1111
-0.01
-0.13
-0.15
205
1111
0.08
-0.12
-0.04
206
1111
0.19
-0.05
-0.16
209
1111
0.29
0.09
-0.17
211
1111
0.32
0.26
-0.24
210
1111
0.26
0.42
-0.19
209
1111
0.14
0.51
-0.17
208
1111
-0.01
0.51
-0.18
205
1111
-0.14
0.38
0.06
202
1111
-0.22
0.16
0.07
202
1111
-0.21
-0.08
-0.03
201
1111
-0.11
-0.25
-0.11
203
1111
0.05
-0.31
-0.20
206
1111
0.25
-0.26
-0.24
209
1111
0.42
-0.11
-0.18
212
1111
0.49
0.05
-0.16
214
1111
0.45
0.20
-0.19
214
1111
0.35
0.30
-0.15
210
1111
0.22
0.37
-0.21
209
1111
0.07
0.40
-0.25
206
1111
-0.08
0.37
-0.25
203
1111
-0.26
0.26
-0.26
201
1111
-0.43
0.09
-0.10
198
1111
-0.56
-0.12
-0.07
196
1111
-0.61
-0.36
-0.15
195
1111
-0.56
-0.60
-0.20
197
1111
-0.42
-0.79
-0.22
198
1111
-0.19
-0.89
-0.26
202
1111
0.10
-0.88
-0.14
206
1111
0.42
-0.74
-0.28
211
1111
0.73
-0.49
-0.15
217
1111
0.96
-0.18
-0.39
221
1111
1.07
0.15
-0.38
222
1111
1.04
0.44
-0.35
224
1111
0.93
0.67
-0.43
220
1111
0.75
0.85
-0.18
218
1111
0.51
0.97
-0.17
214
1111
0.23
1.01
-0.15
209
1111
-0.06
0.93
-0.14
203
1111
-0.35
0.75
-0.31
199
1111
-0.60
0.47
-0.20
196
1111
-0.77
0.14
-0.09
192
1111
-0.81
-0.21
-0.00
191
1111
-0.71
-0.53
-0.14
194
1111
-0.50
-0.79
-0.14
198
1111
-0.21
-0.93
-0.07
202
1111
0.13
-0.94
-0.27
208
1111
0.44
-0.84
-0.33
212
1111
0.69
-0.64
-0.05
218
1111
0.86
-0.37
-0.27
219
1111
0.94
-0.10
-0.29
221
1111
0.93
0.17
-0.09
221
1111
0.85
0.38
-0.37
219
1111
0.76
0.52
-0.19
219
1111
0.69
0.62
-0.14
216
1111
0.65
0.67
-0.14
215
1111
0.59
0.68
-0.28
215
1111
0.52
0.65
-0.18
214
1111
0.42
0.59
-0.23
213
1111
0.31
0.55
-0.05
211
1111
0.21
0.54
-0.06
208
1111
0.10
0.56
-0.03
206
1111
-0.05
0.56
-0.30
204
1111
-0.23
0.50
-0.18
201
1111
-0.43
0.34
-0.37
198
1111
-0.60
0.14
-0.29
195
1111
-0.72
-0.06
-0.30
194
1111
-0.79
-0.22
-0.22
192
1111
-0.79
-0.37
-0.24
193
1111
-0.70
-0.49
-0.11
193
1111
-0.52
-0.58
-0.10
196
1111
-0.29
-0.61
-0.07
200
1111
-0.04
-0.57
-0.28
205
1111
0.21
-0.47
-0.18
209
1111
0.45
-0.30
-0.19
213
1111
0.60
-0.10
-0.17
215
1111
0.64
0.10
-0.17
214
1111
0.55
0.26
-0.18
214
1111
0.41
0.36
-0.26
211
1111
0.23
0.36
-0.21
209
1111
0.03
0.28
-0.15
205
1111
-0.15
0.12
-0.29
203
1111
-0.30
-0.05
-0.33
203
1111
-0.41
-0.21
-0.10
198
1111
-0.47
-0.33
-0.11
197
1111
-0.45
-0.37
-0.22
198
1111
-0.35
-0.35
-0.23
200
1111
-0.21
-0.28
-0.21
201
1111
-0.10
-0.17
-0.09
203
1111
-0.01
-0.03
-0.20
205
1111
0.04
0.11
-0.43
206
1111
0.07
0.22
-0.37
207
1111
0.08
0.29
-0.21
206
1111
0.04
0.32
-0.08
206
1111
-0.06
0.29
-0.10
204
1111
-0.18
0.20
-0.03
202
1111
-0.28
0.07
-0.09
199
1111
-0.34
-0.06
-0.17
199
1111
-0.39
-0.16
-0.20
198
1111
-0.43
-0.22
-0.23
198
1111
-0.46
-0.27
-0.07
198
1111
-0.48
-0.29
-0.19
198
1111
-0.46
-0.33
0.11
197
1111
-0.37
-0.36
-0.06
199
1111
-0.24
-0.35
0.01
201
1111
-0.09
-0.29
-0.11
205
1111
0.06
-0.22
0.12
206
1111
0.20
-0.11
-0.01
209
1111
0.36
0.04
0.06
211
1111
0.47
0.22
-0.07
214
1111
0.50
0.39
-0.02
213
1111
0.46
0.51
-0.17
213
1111
0.37
0.59
-0.13
211
1111
0.24
0.64
-0.09
210
1111
0.05
0.64
0.06
206
1111
-0.19
0.56
-0.07
202
1111
-0.42
0.39
-0.21
199
1111
-0.60
0.16
-0.16
196
1111
-0.67
-0.09
-0.09
194
1111
-0.65
-0.31
-0.04
195
1111
-0.54
-0.45
-0.12
196
1111
-0.38
-0.54
-0.07
199
1111
-0.22
-0.60
-0.03
202
1111
-0.07
-0.62
0.03
204
1111
0.05
-0.58
-0.21
206
1111
0.15
-0.50
-0.08
208
1111
0.28
-0.36
-0.02
210
1111
0.42
-0.18
-0.13
212
1111
0.51
0.01
-0.26
212
1111
0.54
0.22
0.02
214
1111
0.54
0.45
-0.21
215
1111
0.51
0.68
-0.08
213
1111
0.44
0.89
-0.23
215
1111
0.32
1.04
-0.21
211
1111
0.16
1.14
-0.09
208
1111
-0.03
1.15
-0.04
205
1111
-0.22
1.07
-0.01
201
1111
-0.38
0.95
0.10
199
1111
-0.50
0.79
-0.09
197
1111
-0.61
0.60
0.00
195
1111
-0.71
0.34
-0.03
192
1111
-0.78
0.04
-0.23
192
1111
-0.77
-0.25
0.05
192
1111
-0.64
-0.45
-0.17
194
1111
-0.42
-0.54
-0.01
198
1111
-0.19
-0.55
-0.03
202
1111
0.00
-0.49
-0.14
205
1111
0.17
-0.38
-0.08
207
1111
0.30
-0.25
-0.32
210
1111
0.38
-0.11
-0.10
212
1111
0.40
0.01
-0.26
211
1111
0.37
0.11
-0.23
211
1111
0.30
0.21
-0.04
210
1111
0.25
0.33
-0.22
209
1111
0.19
0.49
-0.20
208
1111
0.07
0.65
-0.05
206
1111
-0.15
0.77
0.01
202
1111
-0.44
0.79
-0.13
197
1111
-0.74
0.67
-0.26
192
1111
-0.97
0.42
-0.04
188
1111
-1.08
0.09
-0.11
187
1111
-1.04
-0.26
-0.21
188
1111
-0.86
-0.57
-0.21
190
1111
-0.59
-0.81
-0.08
195
1111
-0.28
-0.94
-0.12
200
1111
0.02
-0.94
-0.04
205
1111
0.27
-0.82
-0.07
210
1111
0.46
-0.63
0.13
212
1111
0.58
-0.42
0.07
214
1111
0.66
-0.19
-0.05
215
1111
0.69
0.06
-0.08
217
1111
0.64
0.29
-0.16
216
1111
0.49
0.46
-0.05
213
1111
0.31
0.52
-0.17
210
1111
0.16
0.51
-0.18
208
1111
0.08
0.45
-0.08
207
1111
0.04
0.39
0.02
206
1111
0.03
0.34
-0.12
205
1111
0.03
0.30
-0.27
206
1111
-0.00
0.28
-0.31
205
1111
-0.06
0.26
-0.21
207
1111
-0.14
0.22
-0.00
203
1111
-0.22
0.17
-0.26
201
1111
-0.29
0.11
-0.15
200
1111
-0.38
0.03
-0.14
199
1111
-0.45
-0.09
-0.18
198
1111
-0.49
-0.21
-0.15
197
1111
-0.46
-0.33
-0.16
197
1111
-0.37
-0.45
-0.10
199
1111
-0.23
-0.54
-0.06
202
1111
-0.09
-0.55
-0.07
203
1111
0.04
-0.50
-0.02
206
1111
0.14
-0.43
0.01
207
1111
0.20
-0.37
-0.05
208
1111
0.22
-0.38
-0.16
208
1111
0.20
-0.42
-0.09
209
1111
0.19
-0.44
-0.12
208
1111
0.18
-0.42
0.07
208
1111
0.15
-0.36
0.05
208
1111
0.09
-0.28
0.17
206
1111
-0.02
-0.19
0.02
205
1111
-0.17
-0.15
0.18
202
1111
-0.33
-0.16
0.19
200
1111
-0.43
-0.24
0.15
198
1111
-0.45
-0.34
0.08
198
1111
-0.37
-0.44
-0.03
200
1111
-0.21
-0.51
0.03
202
1111
-0.03
-0.54
0.20
204
1111
0.14
-0.48
0.23
207
1111
0.31
-0.33
0.15
210
1111
0.46
-0.14
0.29
213
1111
0.58
0.06
0.12
216
1111
0.68
0.26
-0.06
216
1111
0.73
0.47
-0.15
218
1111
0.71
0.65
-0.09
217
1111
0.59
0.78
-0.08
214
1111
0.37
0.81
-0.09
211
1111
0.11
0.77
-0.03
207
1111
-0.13
0.67
0.02
203
1111
-0.35
0.55
-0.04
200
1111
-0.52
0.40
-0.14
197
1111
-0.64
0.25
0.01
195
1111
-0.69
0.09
-0.05
193
1111
-0.70
-0.09
0.07
193
1111
-0.68
-0.27
-0.03
194
1111
-0.62
-0.40
0.26
195
1111
-0.52
-0.45
0.06
196
1111
-0.40
-0.47
-0.15
199
1111
-0.26
-0.46
-0.13
200
1111
-0.08
-0.40
0.06
204
1111
0.10
-0.28
-0.14
207
1111
0.23
-0.15
-0.19
208
1111
0.28
-0.06
-0.13
210
1111
0.26
-0.00
-0.13
210
1111
0.20
0.05
-0.08
208
1111
0.11
0.10
-0.18
206
1111
0.02
0.12
-0.13
205
1111
-0.07
0.12
-0.17
203
1111
-0.15
0.08
-0.24
202
1111
-0.23
0.02
-0.12
201
1111
-0.29
-0.03
-0.11
200
1111
-0.30
-0.05
-0.07
200
1111
-0.25
-0.03
-0.15
201
1111
-0.15
0.04
-0.13
203
1111
-0.02
0.11
-0.09
205
1111
0.11
0.15
-0.09
207
1111
0.21
0.14
-0.05
208
1111
0.28
0.09
0.15
210
1111
0.32
0.01
0.04
210
1111
0.36
-0.07
0.05
210
1111
0.40
-0.13
-0.19
212
1111
0.42
-0.17
-0.01
212
1111
0.41
-0.18
-0.01
212
1111
0.38
-0.17
-0.06
211
1111
0.32
-0.14
-0.04
210
1111
0.25
-0.10
-0.18
209
1111
0.14
-0.04
-0.11
207
1111
0.03
-0.00
-0.08
206
1111
-0.04
0.02
-0.05
205
1111
-0.07
0.05
-0.11
203
1111
-0.07
0.07
-0.09
204
1111
-0.03
0.10
-0.09
205
1111
0.05
0.12
-0.07
205
1111
0.12
0.13
-0.10
207
1111
0.17
0.15
-0.10
209
1111
0.18
0.17
-0.08
208
1111
0.16
0.19
-0.23
208
1111
0.13
0.21
-0.08
208
1111
0.09
0.25
0.06
204
1111
0.03
0.29
-0.00
205
1111
-0.04
0.33
-0.15
204
1111
-0.11
0.36
-0.18
204
1111
-0.20
0.36
-0.08
204
1111
-0.30
0.36
-0.14
200
1111
-0.39
0.35
-0.13
200
1111
-0.46
0.32
0.04
198
1111
-0.48
0.27
-0.02
197
1111
-0.48
0.21
0.06
197
1111
-0.48
0.13
-0.16
197
1111
-0.45
0.05
-0.08
198
1111
-0.36
0.01
-0.07
199
1111
-0.26
0.03
-0.02
201
1111
-0.20
0.07
-0.06
202
1111
-0.19
0.07
-0.04
202
1111
-0.22
0.03
-0.08
201
1111
-0.23
-0.04
-0.15
203
1111
-0.19
-0.07
-0.19
202
1111
-0.12
-0.07
-0.06
203
1111
-0.04
-0.01
0.06
204
1111
0.02
0.07
-0.01
206
1111
0.02
0.15
0.16
206
1111
-0.05
0.20
0.11
204
1111
-0.13
0.23
-0.02
203
1111
-0.19
0.26
-0.08
202
1111
-0.23
0.29
0.05
201
1111
-0.29
0.31
-0.04
198
1111
-0.36
0.30
-0.01
199
1111
-0.44
0.26
0.07
197
1111
-0.50
0.19
0.19
197
1111
-0.52
0.11
0.11
196
1111
-0.50
0.03
-0.13
197
1111
-0.46
-0.05
0.06
197
1111
-0.41
-0.13
0.00
198
1111
-0.33
-0.19
-0.02
200
1111
-0.24
-0.23
0.12
200
1111
-0.13
-0.23
0.08
203
1111
-0.04
-0.19
-0.16
204
1111
0.03
-0.17
-0.04
203
1111
0.10
-0.15
-0.00
206
1111
0.19
-0.11
-0.08
209
1111
0.30
-0.04
-0.00
211
1111
0.42
0.09
-0.01
212
1111
0.47
0.23
-0.05
214
1111
0.43
0.37
0.05
212
1111
0.32
0.47
-0.01
211
1111
0.15
0.49
0.08
208
1111
-0.05
0.45
-0.16
204
1111
-0.25
0.37
-0.06
202
1111
-0.41
0.25
0.04
198
1111
-0.50
0.13
0.11
196
1111
-0.54
0.04
0.09
196
1111
-0.53
-0.04
-0.07
196
1111
-0.47
-0.13
0.04
196
1111
-0.35
-0.21
-0.04
199
1111
-0.20
-0.25
-0.10
200
1111
-0.08
-0.23
-0.00
205
1111
0.01
-0.13
-0.19
205
1111
0.05
0.03
-0.20
207
1111
0.01
0.19
-0.12
205
1111
-0.11
0.29
-0.08
204
1111
-0.29
0.29
0.09
201
1111
-0.46
0.20
0.11
198
1111
-0.58
0.04
-0.08
196
1111
-0.63
-0.16
-0.16
195
1111
-0.62
-0.39
0.05
195
1111
-0.55
-0.60
0.02
196
1111
-0.41
-0.76
0.01
199
1111
-0.18
-0.81
0.05
201
1111
0.10
-0.73
0.03
207
1111
0.37
-0.55
0.01
211
1111
0.60
-0.29
-0.06
215
1111
0.76
0.03
0.02
217
1111
0.86
0.37
0.04
220
1111
0.86
0.65
-0.02
221
1111
0.78
0.85
0.07
218
1111
0.61
0.96
-0.05
215
1111
0.40
0.98
-0.11
212
1111
0.19
0.96
0.08
208
1111
-0.02
0.88
-0.02
205
1111
-0.21
0.78
0.09
202
1111
-0.40
0.65
0.16
198
1111
-0.57
0.49
0.09
203
1111
-0.73
0.27
0.09
192
1111
-0.85
-0.01
0.06
191
1111
-0.88
-0.34
0.30
190
1111
-0.82
-0.69
0.13
192
1111
-0.65
-0.99
-0.12
194
1111
-0.41
-1.18
0.05
198
1111
-0.14
-1.22
0.02
202
1111
0.12
-1.11
0.03
207
1111
0.31
-0.90
0.06
210
1111
0.43
-0.65
0.12
213
1111
0.44
-0.43
0.19
213
1111
0.36
-0.26
0.06
211
1111
0.23
-0.16
0.04
210
1111
0.12
-0.09
0.16
207
1111
0.04
0.00
0.12
206
1111
-0.03
0.12
-0.05
205
1111
-0.11
0.22
0.06
204
1111
-0.20
0.28
0.18
202
1111
-0.30
0.28
0.28
200
1111
-0.38
0.18
0.13
199
1111
-0.42
0.02
0.04
198
1111
-0.41
-0.15
0.15
199
1111
-0.37
-0.32
0.15
200
1111
-0.30
-0.45
0.10
200
1111
-0.18
-0.50
0.21
202
1111
-0.02
-0.45
-0.11
204
1111
0.13
-0.33
-0.09
208
1111
0.26
-0.17
-0.09
208
1111
0.34
0.01
-0.15
209
1111
0.37
0.17
-0.19
212
1111
0.37
0.28
-0.14
210
1111
0.35
0.32
-0.10
211
1111
0.35
0.35
0.13
210
1111
0.37
0.37
0.06
210
1111
0.37
0.41
0.01
211
1111
0.34
0.48
0.01
211
1111
0.25
0.56
0.06
209
1111
0.12
0.61
0.07
207
1111
-0.06
0.62
0.04
204
1111
-0.25
0.57
-0.08
202
1111
-0.44
0.45
0.08
198
1111
-0.62
0.28
-0.03
194
1111
-0.79
0.07
0.07
191
1111
-0.90
-0.13
0.04
190
1111
-0.91
-0.29
0.00
190
1111
-0.81
-0.42
0.12
192
1111
-0.62
-0.50
0.11
195
1111
-0.38
-0.50
0.07
200
1111
-0.13
-0.43
-0.00
203
1111
0.09
-0.29
0.17
206
1111
0.23
-0.12
0.04
209
1111
0.30
0.03
0.10
209
1111
0.28
0.13
0.20
210
1111
0.18
0.21
0.11
208
1111
0.06
0.25
-0.04
207
1111
-0.05
0.27
0.02
204
1111
-0.15
0.25
0.16
203
1111
-0.25
0.18
0.03
201
1111
-0.32
0.04
0.16
203
1111
-0.36
-0.14
0.15
201
1111
-0.33
-0.31
-0.01
200
1111
-0.22
-0.41
0.08
201
1111
-0.06
-0.46
0.19
205
1111
0.11
-0.45
0.11
208
1111
0.26
-0.41
0.36
209
1111
0.37
-0.31
0.10
210
1111
0.42
-0.17
0.05
213
1111
0.42
-0.01
0.01
212
1111
0.37
0.13
-0.05
211
1111
0.29
0.23
0.03
210
1111
0.16
0.29
0.04
208
1111
-0.00
0.30
0.19
205
1111
-0.18
0.25
0.25
202
1111
-0.32
0.16
0.20
200
1111
-0.39
0.06
0.29
200
1111
-0.41
-0.00
0.37
198
1111
-0.42
-0.04
0.20
198
1111
-0.42
-0.09
0.17
198
1111
-0.40
-0.16
0.18
199
1111
-0.35
-0.24
0.13
199
1111
-0.27
-0.30
0.23
199
1111
-0.16
-0.36
0.30
202
1111
-0.04
-0.43
0.21
203
1111
0.09
-0.47
0.18
207
1111
0.23
-0.47
0.13
209
1111
0.38
-0.40
0.10
212
1111
0.50
-0.29
-0.04
214
1111
0.59
-0.14
0.03
215
1111
0.65
0.05
0.03
216
1111
0.66
0.26
-0.04
222
1111
0.58
0.45
0.12
215
1111
0.42
0.58
0.22
211
1111
0.24
0.64
0.12
210
1111
0.08
0.62
0.27
206
1111
-0.06
0.52
0.15
204
1111
-0.17
0.36
0.29
203
1111
-0.26
0.18
0.38
201
1111
-0.30
0.02
0.18
201
1111
-0.29
-0.10
0.18
200
1111
-0.25
-0.20
0.24
201
1111
-0.19
-0.27
0.36
202
1111
-0.10
-0.29
0.43
203
1111
-0.04
-0.26
0.28
205
1111
-0.02
-0.25
0.23
205
1111
-0.01
-0.30
0.26
205
1111
0.01
-0.39
0.27
205
1111
0.06
-0.48
0.08
205
1111
0.17
-0.54
0.03
208
1111
0.36
-0.55
0.03
210
1111
0.56
-0.51
0.11
214
1111
0.72
-0.41
0.08
217
1111
0.81
-0.26
0.12
219
1111
0.82
-0.08
0.14
218
1111
0.75
0.14
-0.03
218
1111
0.62
0.35
0.10
215
1111
0.45
0.52
0.14
213
1111
0.26
0.67
0.11
208
1111
0.07
0.75
0.09
207
1111
-0.09
0.76
0.06
205
1111
-0.23
0.71
0.13
201
1111
-0.32
0.61
0.08
200
1111
-0.40
0.50
0.14
198
1111
-0.46
0.38
-0.04
196
1111
-0.52
0.24
0.16
196
1111
-0.56
0.11
0.21
196
1111
-0.60
0.00
0.06
194
1111
-0.66
-0.12
0.02
195
1111
-0.71
-0.29
0.02
193
1111
-0.74
-0.50
0.15
193
1111
-0.71
-0.72
0.12
194
1111
-0.61
-0.92
0.06
193
1111
-0.43
-1.08
0.19
197
1111
-0.15
-1.15
0.11
202
1111
0.22
-1.10
0.20
209
1111
0.61
-0.87
0.26
215
1111
0.95
-0.48
0.28
223
1111
1.18
-0.02
0.15
225
1111
1.22
0.43
0.12
224
1111
1.09
0.77
0.19
223
1111
0.82
0.97
0.17
219
1111
0.46
1.04
0.42
213
1111
0.08
0.99
0.28
206
1111
-0.28
0.87
0.23
201
1111
-0.56
0.72
0.39
196
1111
-0.74
0.54
0.20
190
1111
-0.83
0.38
0.26
192
1111
-0.86
0.22
0.28
191
1111
-0.82
0.05
0.29
192
1111
-0.71
-0.13
0.07
193
1111
-0.57
-0.29
0.06
195
1111
-0.40
-0.42
0.06
199
1111
-0.19
-0.49
0.11
203
1111
0.06
-0.47
0.26
206
1111
0.30
-0.35
0.21
210
1111
0.48
-0.18
0.27
213
1111
0.57
-0.01
0.27
215
1111
0.56
0.13
0.23
216
1111
0.50
0.25
0.23
213
1111
0.43
0.34
0.40
212
1111
0.38
0.42
0.36
212
1111
0.33
0.51
0.40
210
1111
0.23
0.58
0.36
209
1111
0.09
0.59
0.33
206
1111
-0.06
0.53
0.36
204
1111
-0.16
0.42
0.22
202
1111
-0.21
0.31
0.28
204
1111
-0.23
0.20
0.26
202
1111
-0.22
0.11
0.21
201
1111
-0.22
0.06
0.29
202
1111
-0.25
0.01
0.21
201
1111
-0.26
-0.04
0.38
201
1111
-0.23
-0.08
0.28
201
1111
-0.14
-0.07
0.38
202
1111
-0.01
-0.02
0.34
206
1111
0.13
0.06
0.47
207
1111
0.23
0.15
0.14
209
1111
0.26
0.22
0.27
209
1111
0.23
0.25
0.16
209
1111
0.19
0.24
0.23
208
1111
0.19
0.23
0.15
208
1111
0.18
0.23
0.17
204
1111
0.16
0.23
0.19
208
1111
0.12
0.26
0.29
206
1111
0.07
0.31
0.07
206
1111
0.01
0.37
0.24
205
1111
-0.04
0.39
0.25
205
1111
-0.08
0.38
0.32
204
1111
-0.14
0.36
0.24
204
1111
-0.21
0.32
0.26
202
1111
-0.28
0.26
0.18
201
1111
-0.32
0.18
0.14
199
1111
-0.33
0.07
0.29
199
1111
-0.32
-0.03
0.13
205
1111
-0.27
-0.12
0.27
200
1111
-0.20
-0.18
0.14
202
1111
-0.10
-0.21
0.29
204
1111
0.01
-0.21
0.20
204
1111
0.10
-0.16
0.33
207
1111
0.13
-0.10
0.14
207
1111
0.11
-0.06
0.11
207
1111
0.06
-0.03
0.15
206
1111
-0.00
-0.02
0.06
205
1111
-0.08
-0.05
0.07
204
1111
-0.13
-0.12
0.08
203
1111
-0.15
-0.18
0.21
202
1111
-0.13
-0.23
0.29
200
1111
-0.07
-0.25
0.28
205
1111
0.05
-0.23
0.12
205
1111
0.22
-0.16
0.12
209
1111
0.36
-0.07
-0.03
210
1111
0.45
0.05
0.03
213
1111
0.44
0.18
-0.01
211
1111
0.36
0.30
0.27
212
1111
0.24
0.42
0.08
209
1111
0.10
0.47
0.10
206
1111
-0.04
0.45
-0.01
205
1111
-0.13
0.37
-0.11
203
1111
-0.17
0.27
-0.01
202
1111
-0.14
0.20
0.05
203
1111
-0.08
0.17
-0.10
202
1111
-0.01
0.17
0.15
206
1111
0.03
0.18
0.07
206
1111
0.04
0.17
0.16
206
1111
0.02
0.16
0.09
205
1111
-0.03
0.14
0.13
205
1111
-0.11
0.10
0.12
203
1111
-0.20
0.03
0.08
202
1111
-0.26
-0.09
0.03
201
1111
-0.28
-0.22
0.09
200
1111
-0.28
-0.32
0.18
200
1111
-0.28
-0.40
0.08
201
1111
-0.28
-0.48
0.05
200
1111
-0.25
-0.52
-0.08
201
1111
-0.16
-0.52
-0.17
203
1111
-0.01
-0.46
-0.08
204
1111
0.16
-0.36
-0.07
207
1111
0.32
-0.22
-0.02
211
1111
0.43
-0.06
-0.08
213
1111
0.50
0.07
0.02
213
1111
0.56
0.20
-0.06
214
1111
0.59
0.32
-0.05
214
1111
0.56
0.44
-0.07
215
1111
0.47
0.54
0.03
212
1111
0.30
0.61
0.03
210
1111
0.08
0.61
0.00
207
1111
-0.16
0.54
0.08
202
1111
-0.38
0.41
-0.02
199
1111
-0.54
0.26
-0.07
196
1111
-0.62
0.11
0.03
195
1111
-0.64
-0.04
-0.08
195
1111
-0.63
-0.18
-0.22
195
1111
-0.59
-0.31
-0.15
195
1111
-0.55
-0.44
-0.07
196
1111
-0.49
-0.57
-0.12
197
1111
-0.40
-0.68
-0.12
198
1111
-0.28
-0.74
-0.21
200
1111
-0.12
-0.71
-0.09
204
1111
0.03
-0.59
-0.18
206
1111
0.16
-0.41
-0.20
208
1111
0.27
-0.21
-0.08
213
1111
0.35
-0.00
-0.16
212
1111
0.41
0.19
-0.07
212
1111
0.41
0.34
0.00
212
1111
0.35
0.46
-0.02
210
1111
0.24
0.53
-0.03
209
1111
0.13
0.54
-0.03
207
1111
0.04
0.50
-0.00
206
1111
-0.07
0.44
0.05
204
1111
-0.21
0.33
-0.02
201
1111
-0.39
0.17
-0.00
199
1111
-0.54
-0.02
0.02
197
1111
-0.61
-0.21
0.01
195
1111
-0.61
-0.37
0.00
195
1111
-0.55
-0.47
0.19
196
1111
-0.43
-0.53
0.12
198
1111
-0.25
-0.56
0.03
202
1111
-0.04
-0.56
0.08
204
1111
0.16
-0.51
0.02
207
1111
0.34
-0.43
0.19
212
1111
0.52
-0.30
0.19
216
1111
0.70
-0.11
0.02
217
1111
0.84
0.12
-0.06
219
1111
0.87
0.35
-0.15
220
1111
0.77
0.51
-0.03
217
1111
0.55
0.59
-0.12
214
1111
0.31
0.58
0.00
210
1111
0.10
0.52
-0.09
207
1111
-0.06
0.43
-0.18
205
1111
-0.16
0.32
-0.14
202
1111
-0.19
0.21
-0.02
201
1111
-0.12
0.12
-0.02
203
1111
0.02
0.05
0.02
205
1111
0.17
-0.01
0.05
209
1111
0.30
-0.06
-0.08
210
1111
0.38
-0.09
-0.16
211
1111
0.45
-0.11
0.09
212
1111
0.51
-0.09
-0.08
214
1111
0.56
-0.05
0.03
213
1111
0.59
0.01
0.09
215
1111
0.57
0.09
0.02
215
1111
0.50
0.18
0.11
213
1111
0.38
0.25
0.02
212
1111
0.23
0.30
-0.13
209
1111
0.08
0.30
-0.02
206
1111
-0.08
0.27
-0.23
204
1111
-0.23
0.20
-0.13
200
1111
-0.36
0.09
-0.08
198
1111
-0.44
-0.05
-0.18
198
1111
-0.45
-0.20
-0.12
198
1111
-0.39
-0.33
-0.08
199
1111
-0.27
-0.43
-0.13
200
1111
-0.06
-0.47
-0.22
204
1111
0.19
-0.44
-0.03
208
1111
0.44
-0.33
-0.18
213
1111
0.63
-0.15
-0.12
215
1111
0.72
0.08
-0.17
217
1111
0.66
0.29
-0.08
216
1111
0.49
0.43
-0.09
213
1111
0.30
0.49
-0.07
210
1111
0.14
0.52
-0.16
207
1111
0.01
0.53
-0.23
205
1111
-0.11
0.51
0.02
203
1111
-0.23
0.47
-0.13
201
1111
-0.36
0.43
-0.18
200
1111
-0.49
0.39
-0.23
197
1111
-0.60
0.35
-0.18
196
1111
-0.70
0.26
-0.13
194
1111
-0.80
0.12
-0.10
193
1111
-0.90
-0.09
-0.17
190
1111
-0.95
-0.34
-0.01
188
1111
-0.90
-0.58
-0.09
190
1111
-0.74
-0.76
-0.18
193
1111
-0.52
-0.85
0.16
196
1111
-0.25
-0.87
-0.01
201
1111
0.02
-0.79
-0.04
205
1111
0.27
-0.62
-0.01
211
1111
0.49
-0.36
0.03
213
1111
0.68
-0.06
-0.08
216
1111
0.79
0.26
0.01
218
1111
0.80
0.56
0.02
219
1111
0.69
0.79
-0.00
217
1111
0.48
0.91
0.16
212
1111
0.21
0.93
0.02
208
1111
-0.10
0.85
0.10
201
1111
-0.41
0.65
-0.01
198
1111
-0.69
0.33
-0.18
194
1111
-0.88
-0.04
0.10
191
1111
-0.95
-0.40
0.03
190
1111
-0.88
-0.68
0.06
190
1111
-0.70
-0.88
-0.06
194
1111
-0.45
-0.97
0.09
198
1111
-0.20
-0.96
-0.21
202
1111
0.05
-0.87
-0.12
207
1111
0.30
-0.72
-0.22
208
1111
0.49
-0.54
-0.20
214
1111
0.59
-0.35
-0.10
215
1111
0.60
-0.19
0.00
215
1111
0.55
-0.06
-0.12
214
1111
0.48
0.04
-0.13
214
1111
0.41
0.13
-0.05
211
1111
0.33
0.21
0.00
211
1111
0.22
0.27
-0.06
209
1111
0.07
0.30
0.07
210
1111
-0.14
0.27
-0.10
202
1111
-0.35
0.15
-0.01
199
1111
-0.52
-0.00
0.00
196
1111
-0.59
-0.15
0.06
196
1111
-0.59
-0.28
-0.05
195
1111
-0.56
-0.39
-0.03
196
1111
-0.48
-0.48
-0.10
197
1111
-0.36
-0.52
0.03
199
1111
-0.20
-0.50
-0.04
202
1111
-0.02
-0.41
-0.17
205
1111
0.11
-0.25
-0.17
207
1111
0.21
-0.07
-0.13
207
1111
0.25
0.08
0.07
209
1111
0.23
0.20
0.13
209
1111
0.15
0.29
0.23
208
1111
0.02
0.32
0.11
205
1111
-0.10
0.30
0.08
203
1111
-0.22
0.26
-0.02
201
1111
-0.36
0.18
0.19
200
1111
-0.51
0.06
-0.04
196
1111
-0.63
-0.11
-0.13
195
1111
-0.70
-0.31
-0.24
196
1111
-0.71
-0.52
-0.17
194
1111
-0.64
-0.73
-0.09
195
1111
-0.50
-0.89
-0.07
197
1111
-0.27
-0.98
0.02
200
1111
0.03
-0.98
0.06
205
1111
0.38
-0.88
0.05
212
1111
0.74
-0.68
0.11
217
1111
1.07
-0.38
0.15
223
1111
1.30
-0.01
-0.02
228
1111
1.40
0.37
0.01
229
1111
1.37
0.72
0.00
228
1111
1.21
1.00
-0.02
226
1111
0.96
1.18
0.17
220
1111
0.63
1.27
0.08
216
1111
0.26
1.26
0.02
209
1111
-0.11
1.18
-0.10
204
1111
-0.45
1.02
-0.07
198
1111
-0.75
0.78
0.00
194
1111
-0.99
0.45
-0.03
189
1111
-1.16
0.08
0.10
186
1111
-1.22
-0.28
-0.02
185
1111
-1.16
-0.58
0.12
185
1111
-0.98
-0.79
0.03
189
1111
-0.72
-0.91
0.08
193
1111
-0.44
-0.96
0.12
198
1111
-0.14
-0.93
-0.05
202
1111
0.15
-0.81
-0.07
207
1111
0.41
-0.59
0.01
212
1111
0.60
-0.31
-0.09
215
1111
0.68
-0.01
0.03
216
1111
0.66
0.26
0.12
216
1111
0.54
0.46
-0.01
214
1111
0.34
0.58
-0.14
211
1111
0.08
0.59
-0.08
207
1111
-0.16
0.49
-0.08
203
1111
-0.32
0.32
-0.14
200
1111
-0.38
0.10
-0.13
198
1111
-0.35
-0.09
-0.13
199
1111
-0.26
-0.22
-0.03
201
1111
-0.14
-0.30
0.14
200
1111
0.00
-0.31
0.17
205
1111
0.16
-0.27
0.11
208
1111
0.32
-0.19
0.08
210
1111
0.45
-0.10
0.25
212
1111
0.54
0.01
0.04
214
1111
0.54
0.15
0.13
213
1111
0.49
0.29
-0.01
214
214

0.41
0.40
-0.07
211
1111
0.34
0.50
0.01
210
1111
0.26
0.60
0.06
210
1111
0.14
0.67
-0.05
207
1111
-0.01
0.67
-0.07
205
1111
-0.18
0.60
-0.04
202
1111
-0.32
0.48
0.16
201
1111
-0.42
0.35
0.12
198
1111
-0.49
0.22
0.15
197
1111
-0.52
0.09
0.14
197
1111
-0.51
-0.03
0.09
197
1111
-0.46
-0.11
0.10
198
1111
-0.36
-0.15
0.11
199
1111
-0.24
-0.15
0.10
202
1111
-0.12
-0.15
-0.00
203
1111
-0.02
-0.12
0.10
206
1111
0.04
-0.04
0.17
205
1111
0.09
0.06
0.13
206
1111
0.09
0.16
0.05
206
1111
0.02
0.23
0.07
207
1111
-0.11
0.22
-0.07
204
1111
-0.28
0.11
-0.01
201
1111
-0.44
-0.09
0.04
198
1111
-0.52
-0.30
0.03
196
1111
-0.52
-0.48
0.14
198
1111
-0.45
-0.61
0.13
201
1111
-0.36
-0.71
0.11
199
1111
-0.25
-0.77
-0.06
201
1111
-0.12
-0.81
-0.05
204
1111
0.03
-0.83
-0.10
206
1111
0.21
-0.80
-0.03
209
1111
0.44
-0.69
-0.11
212
1111
0.70
-0.50
-0.08
216
1111
0.88
-0.22
-0.18
220
1111
0.93
0.10
-0.10
218
1111
0.85
0.45
-0.22
219
1111
0.68
0.78
-0.24
216
1111
0.44
1.04
-0.20
213
1111
0.12
1.19
-0.39
207
1111
-0.26
1.23
-0.19
201
1111
-0.65
1.16
-0.20
194
1111
-1.01
0.96
-0.13
189
1111
-1.29
0.63
-0.06
183
1111
-1.44
0.21
-0.18
181
1111
-1.43
-0.22
-0.10
180
1111
-1.28
-0.63
0.03
185
1111
-1.01
-0.98
-0.07
189
1111
-0.64
-1.23
-0.07
194
1111
-0.21
-1.32
-0.04
202
1111
0.25
-1.22
-0.03
210
1111
0.65
-0.98
0.10
220
1111
0.95
-0.67
-0.00
220
1111
1.14
-0.31
0.03
224
1111
1.20
0.09
0.23
225
1111
1.13
0.45
0.13
223
1111
0.94
0.73
0.03
221
1111
0.70
0.90
-0.04
216
1111
0.45
0.98
0.07
213
1111
0.21
0.97
-0.07
209
1111
0.00
0.87
-0.11
205
1111
-0.17
0.71
-0.12
203
1111
-0.28
0.52
0.02
201
1111
-0.32
0.32
0.11
200
1111
-0.32
0.11
0.17
200
1111
-0.30
-0.06
0.08
199
1111
-0.26
-0.20
-0.04
201
1111
-0.19
-0.28
0.08
203
1111
-0.09
-0.29
0.13
203
1111
0.01
-0.28
0.23
205
1111
0.11
-0.25
0.27
207
1111
0.21
-0.25
0.18
209
1111
0.27
-0.26
0.12
209
1111
0.29
-0.27
0.10
210
1111
0.32
-0.26
0.20
210
1111
0.36
-0.21
0.29
211
1111
0.39
-0.12
0.05
212
1111
0.41
0.01
0.23
211
1111
0.35
0.14
0.26
210
1111
0.21
0.25
0.28
209
1111
-0.01
0.28
0.26
207
1111
-0.25
0.25
0.03
201
1111
-0.47
0.19
0.06
197
1111
-0.67
0.07
0.17
194
1111
-0.84
-0.10
0.11
191
1111
-0.98
-0.34
0.12
190
1111
-1.02
-0.62
0.25
188
1111
-0.93
-0.89
0.17
190
1111
-0.69
-1.11
0.10
189
1111
-0.34
-1.24
0.21
200
1111
0.08
-1.25
0.36
206
1111
0.52
-1.12
0.26
213
1111
0.89
-0.85
0.11
219
1111
1.14
-0.50
0.03
225
1111
1.25
-0.13
0.05
225
1111
1.25
0.22
-0.09
224
1111
1.17
0.53
-0.00
224
1111
1.00
0.80
-0.01
221
1111
0.73
0.99
-0.09
217
1111
0.36
1.06
-0.12
211
1111
-0.05
0.99
-0.18
205
1111
-0.44
0.78
-0.20
197
1111
-0.73
0.48
-0.23
194
1111
-0.89
0.14
-0.04
190
1111
-0.91
-0.19
-0.16
190
1111
-0.83
-0.50
-0.23
191
1111
-0.69
-0.74
-0.13
194
1111
-0.49
-0.88
-0.09
197
1111
-0.23
-0.93
-0.06
201
1111
0.05
-0.91
-0.12
206
1111
0.30
